100
64 1690 1817 7
12 3518 3536 2
33 203 268 6
64 1834 1907 1
98 3020 3168 4
66 1117 1212 5
65 1576 1649 7
22 3747 3773 10
46 542 631 3
89 741 908 10
90 355 533 8
24 2243 2280 7
63 589 705 4
60 1211 1321 7
87 122 232 1
40 3097 3175 6
68 3575 3661 1
82 2806 2915 1
16 3300 3329 5
24 2363 2401 2
80 2069 2159 7
32 1117 1169 8
16 2494 2516 10
22 328 361 4
57 2012 2069 9
46 2856 2945 6
13 2425 2443 2
68 3824 3934 3
23 3336 3366 4
74 2262 2389 4
21 3305 3347 5
81 506 589 5
80 2648 2796 3
29 1317 1374 8
87 3762 3861 7
51 2140 2233 4
83 2423 2531 5
24 1004 1039 6
15 2875 2890 5
60 3953 4028 1
72 3914 4008 9
15 3199 3224 9
61 1909 1971 1
17 1816 1844 9
54 284 341 2
24 1087 1114 7
44 4010 4097 1
30 1099 1157 5
19 1925 1951 4
64 2532 2651 10
88 904 1065 9
21 1019 1055 6
69 1696 1783 10
81 2369 2490 6
94 1468 1601 2
70 2210 2304 10
33 0 36 2
78 3939 4041 8
60 3143 3257 1
23 559 600 9
50 1944 2028 10
55 3533 3610 4
28 3012 3062 2
78 1372 1522 2
60 581 682 6
63 2605 2679 8
67 1026 1096 5
53 3659 3730 10
63 3459 3571 9
44 2430 2504 2
53 3545 3613 2
59 248 336 9
16 3395 3419 6
39 1900 1958 5
46 1045 1094 2
65 3343 3428 3
88 2934 3083 9
60 2597 2666 9
84 1775 1872 8
19 2509 2538 7
25 564 601 9
67 3215 3319 1
65 3435 3558 4
29 3177 3206 8
23 522 563 8
12 325 337 5
40 2782 2846 3
16 2840 2862 7
26 3716 3750 2
41 2886 2949 8
47 3497 3558 1
23 2873 2906 4
35 4000 4036 5
65 3415 3505 3
34 2423 2482 5
64 681 805 10
55 1648 1719 7
95 2 180 1
90 3883 4005 4
56 2198 2261 8
