50
13 1045 1070 1
77 1186 1263 1
81 201 359 5
23 1011 1053 3
73 400 532 4
83 0 104 3
71 1686 1800 4
29 1176 1212 2
66 1953 2021 3
77 384 538 4
27 1915 1957 4
98 1466 1647 1
72 120 229 3
16 836 855 4
22 817 840 4
71 1969 2072 1
81 1495 1626 1
64 1200 1324 1
17 953 971 2
81 1056 1170 4
50 95 165 2
72 1605 1728 3
10 1552 1570 5
72 1312 1412 2
40 803 863 4
65 913 988 4
32 970 1005 1
59 612 713 2
47 676 724 5
82 521 622 2
86 487 653 5
65 1270 1396 2
22 991 1029 4
60 852 964 4
54 1404 1491 5
65 1422 1498 2
88 1576 1711 2
95 34 155 2
31 721 766 2
84 1819 1907 2
15 363 386 5
58 1893 2004 4
44 378 462 2
79 1784 1885 5
35 1144 1186 1
15 1566 1583 3
70 751 829 3
17 1040 1065 1
15 1953 1975 3
61 331 446 3
