250
37 295 344 24
50 8518 8592 23
84 4803 4957 5
27 1774 1818 5
77 8179 8288 8
70 1967 2048 1
46 6647 6737 18
11 5486 5502 15
95 3536 3657 16
74 3080 3207 24
57 8087 8150 14
10 1041 1059 9
20 6483 6505 21
95 7730 7869 22
11 7219 7232 24
38 6857 6921 1
11 5993 6015 3
25 2417 2459 23
77 2488 2599 10
63 5559 5631 13
22 5333 5377 7
38 1559 1605 6
89 3297 3410 5
49 2855 2924 22
88 8924 9022 2
52 3948 4042 3
85 4966 5056 10
95 6775 6915 5
87 7062 7216 24
64 10823 10892 1
18 8904 8930 21
70 6981 7115 18
73 8088 8168 11
70 9929 10000 24
94 7220 7355 5
73 10226 10308 20
14 4746 4766 6
66 953 1028 17
96 5950 6081 7
41 250 327 20
69 3609 3736 15
58 5643 5711 23
64 2194 2267 7
15 5777 5795 4
51 6544 6620 1
28 940 976 22
71 2320 2460 21
29 1936 1987 8
66 10033 10137 22
19 3794 3828 21
47 6068 6155 11
41 5218 5264 21
39 1597 1657 13
34 4908 4973 1
97 3174 3305 22
35 7364 7406 2
11 10222 10236 2
51 1276 1362 2
88 2194 2329 11
26 5159 5198 11
83 8414 8532 7
82 9673 9825 9
98 5659 5786 23
37 9835 9880 13
21 5198 5222 13
86 4435 4573 24
21 5782 5808 21
44 7563 7644 10
38 7862 7936 22
75 728 830 5
12 9568 9582 23
92 4748 4915 21
65 5919 6018 20
18 7643 7669 13
76 5058 5142 6
39 3373 3412 8
66 831 939 3
25 6056 6100 10
82 542 677 7
90 9878 9986 22
76 3967 4062 4
88 6253 6401 19
87 3994 4130 9
95 9853 9980 10
52 5137 5231 4
16 9498 9521 12
56 6661 6769 21
60 8872 8972 3
26 1398 1426 23
54 10389 10468 1
73 3757 3836 18
27 7932 7960 5
23 3967 4012 9
66 7304 7376 3
50 2344 2426 11
94 9363 9533 14
19 5144 5166 17
76 10458 10600 5
28 9483 9513 17
59 5554 5662 24
42 222 288 15
95 8951 9056 19
59 1738 1822 9
76 7109 7260 11
27 10456 10491 17
88 3800 3960 24
22 1343 1370 10
45 1349 1427 11
98 9087 9214 23
95 10718 10841 16
44 10638 10708 15
35 5895 5935 8
31 8072 8107 14
75 4182 4324 22
64 9043 9170 18
84 4679 4796 15
91 4358 4472 23
44 9313 9396 1
21 9566 9594 7
63 4512 4587 20
86 5352 5524 19
49 2778 2861 5
97 0 192 15
88 1177 1282 6
33 3636 3691 15
14 8944 8959 22
35 5152 5190 23
60 9760 9856 20
26 9519 9566 6
86 8757 8878 21
96 4930 5067 2
37 2755 2825 20
71 464 563 17
19 1051 1084 10
90 2106 2269 21
62 4125 4215 7
37 8088 8156 22
98 10323 10493 14
89 6586 6754 21
88 6176 6315 16
62 5837 5919 10
38 6763 6816 1
12 1346 1364 13
28 3053 3093 2
85 9606 9731 14
83 5605 5688 24
51 8244 8336 21
39 9482 9535 2
70 2647 2753 2
74 7955 8044 14
39 8395 8448 20
10 10124 10140 4
91 7999 8165 14
89 5782 5884 2
49 6497 6565 23
16 3972 4004 8
80 6563 6656 10
72 3374 3513 3
78 84 186 9
82 4295 4454 14
21 2040 2079 19
27 2925 2973 6
28 10384 10427 2
16 9603 9624 15
96 1081 1199 12
28 3016 3061 2
74 5486 5613 25
62 9158 9248 3
79 372 478 15
56 1169 1261 5
68 3523 3595 2
94 10809 10965 2
63 1632 1749 15
45 6004 6082 19
40 10702 10745 16
29 9077 9131 2
34 1304 1369 24
46 9820 9888 20
75 2948 3098 16
27 8944 8997 5
28 6025 6056 7
43 10854 10922 6
77 10560 10668 19
80 1401 1542 12
80 4477 4617 19
76 7454 7578 1
25 3004 3034 3
89 9244 9359 13
64 8295 8363 4
50 338 418 14
86 10129 10299 20
93 2919 3091 18
32 10287 10336 25
42 2022 2075 5
61 774 871 22
82 3655 3774 23
73 108 230 17
55 84 173 13
23 10844 10867 6
46 5244 5301 20
39 3167 3206 6
42 5300 5345 10
51 8347 8427 21
98 592 719 9
18 8507 8540 16
94 8589 8777 20
40 1506 1561 3
84 2711 2802 4
96 1914 2011 10
14 9582 9609 7
58 2963 3056 11
84 1817 1919 14
40 1770 1814 2
53 8148 8204 18
72 1002 1144 8
82 8741 8886 22
48 2569 2651 6
54 6362 6421 21
29 1247 1276 21
40 7661 7736 17
43 7523 7566 12
78 4245 4377 3
73 3469 3587 3
28 2887 2919 17
29 4488 4517 14
45 4638 4706 22
45 8088 8161 10
50 706 800 5
95 8508 8662 19
43 7401 7467 20
22 9999 10043 16
71 5044 5126 5
36 2031 2099 14
27 4217 4250 20
80 4582 4736 8
77 5115 5215 7
70 2886 2987 3
51 10372 10449 13
68 2061 2171 10
67 2569 2684 14
75 6363 6501 4
22 9481 9522 16
28 1476 1506 9
52 6115 6199 8
95 2453 2559 22
49 8026 8085 4
82 874 1010 7
22 10683 10707 3
78 3964 4098 15
51 6889 6983 8
