450
97 14097 14275 7
11 17109 17131 44
93 15060 15159 17
31 9057 9114 26
34 14531 14572 36
62 9272 9387 31
92 2885 3024 9
65 12042 12168 29
13 18679 18697 1
84 2134 2219 21
88 5174 5335 15
79 17529 17656 14
60 1031 1128 24
93 17458 17560 27
99 17798 17929 3
43 6591 6665 37
74 1883 2017 14
91 2798 2938 35
52 8644 8738 35
50 917 970 2
80 14851 14938 45
84 12918 13084 37
51 1161 1259 10
54 11843 11946 8
20 16766 16795 20
69 17906 18007 5
46 7288 7380 28
48 9465 9538 45
70 15081 15205 40
69 13271 13344 3
50 2458 2543 39
44 10970 11050 3
70 13117 13246 44
95 5714 5881 22
63 2687 2809 11
19 14659 14682 9
64 1786 1891 25
40 16917 16988 16
35 16619 16654 8
64 5976 6041 10
82 14356 14449 1
36 4178 4232 30
58 2582 2690 29
98 14975 15112 36
63 15287 15373 1
28 17665 17716 38
56 9111 9205 34
30 9539 9583 43
85 1999 2109 1
65 1537 1640 32
87 4688 4850 7
40 566 626 1
85 5606 5766 37
80 4297 4454 19
97 16348 16476 2
31 3668 3704 20
14 7203 7218 42
10 2414 2426 31
26 17368 17420 1
47 13184 13272 33
38 1300 1349 19
66 15392 15486 35
14 19129 19150 16
97 7361 7482 38
38 13814 13873 28
24 7251 7294 21
69 3530 3603 7
24 12083 12117 41
58 10116 10217 12
89 3572 3707 30
97 16865 17037 27
58 1071 1166 30
57 552 624 29
73 4450 4586 25
10 16766 16784 18
57 3820 3904 21
95 3935 4064 37
17 2436 2463 29
18 15996 16027 26
84 12348 12436 5
41 8731 8802 36
26 17412 17458 1
42 17871 17919 29
18 6899 6923 11
91 7771 7898 27
86 4197 4348 36
73 11487 11614 16
14 16772 16788 21
79 7217 7374 32
29 16564 16610 6
67 11200 11329 6
96 5098 5203 11
15 17469 17492 13
64 7985 8065 21
50 15720 15785 41
54 13863 13947 30
96 17485 17612 26
39 7500 7551 24
21 5097 5123 11
89 992 1087 11
55 11408 11507 36
48 10296 10363 3
12 12835 12852 23
70 18381 18500 8
68 18980 19115 19
75 16606 16703 15
46 12104 12176 34
71 6516 6645 33
18 14327 14345 18
12 2176 2189 31
32 12000 12054 11
43 16456 16511 29
93 8885 9044 41
39 582 647 43
40 12977 13019 24
25 9097 9127 26
44 13753 13837 28
59 12861 12923 23
12 13731 13754 40
48 18690 18771 22
18 16153 16181 6
91 14531 14710 35
57 16623 16708 6
83 9754 9868 42
35 9002 9061 31
23 18472 18515 19
24 18186 18216 30
65 15917 16024 7
56 3140 3227 4
51 13023 13111 23
87 5545 5667 37
14 16741 16766 21
99 3747 3887 4
66 12384 12477 23
18 17714 17746 34
42 14467 14546 20
44 9490 9545 40
23 12245 12288 38
81 2314 2469 3
68 7522 7621 22
18 1341 1361 37
11 14561 14582 24
61 7676 7778 42
60 16140 16221 28
37 8856 8894 9
73 14076 14215 27
60 4223 4312 7
52 4949 5021 42
98 4640 4796 45
54 3912 4008 11
91 16485 16612 29
35 3230 3268 19
84 713 822 15
20 3803 3823 41
46 8619 8668 35
10 19 37 38
23 16099 16141 33
63 8096 8175 43
67 14334 14441 42
63 15763 15857 36
73 14356 14498 1
40 8274 8335 32
78 6147 6287 37
52 10014 10089 27
33 18820 18859 45
22 3698 3725 1
99 17064 17178 30
53 12902 12996 18
72 8488 8613 38
30 8159 8215 35
95 18740 18891 26
66 1321 1432 40
72 17158 17285 28
85 16629 16751 37
29 5990 6030 17
16 15825 15857 13
28 9984 10025 35
61 609 722 45
48 9252 9337 42
56 19037 19099 39
75 12360 12498 34
31 14704 14744 45
12 13009 13024 36
38 7586 7656 29
66 8200 8306 24
82 7030 7134 23
91 4420 4535 19
91 9148 9240 32
11 9091 9107 42
76 10292 10383 9
71 2110 2199 8
10 13311 13328 22
60 4046 4142 39
66 18251 18355 22
79 7966 8073 36
71 121 233 32
47 6249 6331 23
70 17266 17388 34
36 721 778 3
51 375 448 18
84 18116 18241 9
17 16464 16488 45
45 5381 5432 44
13 5319 5333 28
32 8878 8938 42
59 16508 16585 41
48 10550 10612 18
50 15618 15714 27
68 9637 9770 6
22 917 944 31
88 14877 14997 37
73 13385 13494 43
16 15344 15360 44
53 13630 13689 38
85 7450 7561 12
67 7307 7407 21
80 10324 10459 6
46 15970 16018 8
62 1668 1754 41
22 9953 9984 4
40 1445 1518 37
15 19020 19038 28
51 17741 17815 2
19 1280 1302 42
96 2828 2926 28
18 11577 11596 31
88 5373 5492 43
24 6235 6283 19
27 3053 3104 10
86 11318 11453 3
95 17985 18168 24
97 12613 12786 13
60 10565 10675 44
50 9189 9282 6
31 965 1003 38
59 5086 5180 35
71 4384 4461 13
90 13825 13930 44
23 14276 14313 28
21 17589 17611 42
92 13901 14055 15
89 18844 19019 14
45 8591 8663 7
59 15711 15828 44
99 18317 18493 19
53 11798 11872 4
46 8051 8099 11
16 6896 6924 37
10 7305 7315 25
95 2036 2189 5
90 5431 5523 24
26 14628 14678 5
35 12358 12400 1
25 11670 11716 25
74 13638 13753 2
42 19095 19141 22
68 17605 17694 45
42 14355 14400 37
60 18094 18166 37
75 15203 15319 15
89 8375 8515 21
64 1491 1556 34
25 4155 4198 22
67 48 167 36
81 6315 6440 29
74 12321 12446 42
47 9097 9148 16
51 7608 7691 12
43 16828 16876 33
80 14715 14829 42
95 7272 7426 34
62 17320 17383 3
54 13262 13339 45
25 8782 8815 23
18 5476 5499 6
48 9522 9608 27
84 6140 6230 9
17 13899 13924 41
82 1245 1389 26
75 11791 11933 45
52 7847 7929 23
55 14395 14456 26
85 4804 4929 37
71 3254 3395 31
76 6252 6386 2
49 8002 8069 3
31 15604 15651 17
75 17877 17958 22
44 17120 17168 13
41 16766 16843 39
43 204 278 31
56 11375 11483 14
77 3208 3322 15
84 5903 6034 41
91 16963 17130 14
31 10068 10128 44
61 1343 1449 23
35 6688 6746 26
16 8462 8488 29
71 6030 6128 40
19 14048 14078 15
33 18115 18156 41
59 15824 15912 5
27 10022 10054 39
25 3510 3544 9
15 5064 5090 16
52 3724 3778 28
44 7920 7976 5
88 8274 8430 30
79 13517 13617 6
47 9259 9314 31
86 11414 11503 9
61 5778 5865 44
64 12467 12574 20
51 1107 1186 5
87 6608 6753 31
72 4571 4687 22
63 14300 14418 5
62 13439 13533 45
53 12272 12342 25
65 1028 1118 4
26 10056 10082 41
95 267 387 21
54 12863 12945 35
82 12767 12878 39
35 4764 4804 45
16 12261 12281 23
91 6101 6226 34
88 10762 10887 34
92 11616 11777 15
41 17245 17296 9
88 5691 5804 21
39 8544 8617 11
33 4843 4894 29
83 10409 10529 35
51 10505 10556 31
78 11092 11246 27
82 7223 7330 13
42 14973 15017 13
61 9632 9695 28
34 5979 6039 11
99 6918 7047 36
45 13312 13371 44
44 5533 5612 5
76 1589 1707 10
11 8456 8476 44
18 12845 12874 42
22 14081 14123 34
88 9203 9297 39
58 15433 15523 1
99 2947 3108 26
82 5715 5834 43
95 418 536 31
44 3901 3972 6
49 11438 11495 1
13 1771 1787 34
30 3906 3966 14
88 15505 15642 21
22 17139 17167 40
75 6799 6945 32
97 7491 7685 41
73 3393 3490 9
51 1574 1670 16
75 15830 15978 15
82 18511 18641 44
85 11006 11170 41
23 10031 10060 26
56 14570 14630 39
25 16115 16159 5
52 7191 7285 33
76 8796 8888 16
78 18595 18686 25
53 11581 11664 34
49 9386 9478 32
57 3816 3908 37
94 13562 13660 4
54 2885 2992 2
55 743 812 24
84 6741 6906 13
25 5412 5444 35
84 5782 5915 28
92 8623 8720 32
44 13370 13432 12
12 10031 10043 36
42 3076 3150 37
65 14787 14856 11
66 5495 5593 31
29 7141 7193 25
31 576 616 22
87 12157 12260 23
26 796 822 39
96 2505 2655 45
64 5014 5081 17
62 3445 3550 31
86 6437 6552 19
52 12084 12146 43
42 2421 2497 6
98 16167 16359 25
32 18200 18260 8
87 10895 11069 1
19 526 558 11
71 16449 16576 34
78 2179 2335 36
72 10671 10800 32
16 13091 13122 24
37 18941 18996 43
62 16021 16141 34
80 9824 9977 43
84 11585 11729 6
65 811 933 43
66 3231 3341 39
56 5938 6013 27
68 4249 4366 37
56 3110 3188 22
52 22 81 6
26 13556 13591 3
98 18806 18949 11
37 12702 12776 18
83 4080 4166 7
88 10201 10304 13
49 16569 16658 4
51 12532 12628 5
98 17729 17865 34
78 14175 14313 14
95 610 762 40
96 10799 10966 26
15 7123 7143 6
27 0 48 36
49 5324 5398 19
74 1710 1841 14
41 8704 8779 28
61 11539 11658 26
93 15346 15521 11
49 14671 14729 34
15 8034 8062 42
15 5976 5992 13
46 7271 7357 25
16 14865 14888 19
55 9561 9628 27
99 6838 6951 22
23 17652 17688 26
29 9610 9641 9
72 16785 16909 45
15 17597 17620 28
32 14450 14484 37
60 4888 4975 17
51 3192 3245 9
56 11714 11810 25
53 4562 4636 33
34 11940 12005 3
