300
84 422 540 20
61 10264 10355 12
47 10330 10388 23
32 5686 5723 16
97 1279 1392 21
91 5250 5364 1
98 5339 5496 12
54 6083 6147 4
81 879 993 21
66 3527 3622 3
97 3698 3811 24
12 4105 4127 20
96 7137 7291 14
24 8098 8132 12
80 6862 6992 16
56 4323 4381 11
13 4717 4743 18
37 1555 1622 10
96 2982 3098 2
32 10542 10593 29
39 4853 4903 21
87 8275 8446 16
49 9870 9927 6
66 7372 7456 8
42 7840 7900 3
69 10440 10524 15
61 10032 10131 14
64 1341 1412 10
30 11170 11221 13
10 7828 7848 16
27 4207 4257 11
89 4655 4750 6
43 70 129 24
32 6387 6449 22
34 8485 8537 2
54 9056 9160 16
92 1349 1508 22
93 1223 1379 24
19 3070 3089 14
84 6648 6809 28
50 3512 3588 4
87 7951 8066 28
33 7516 7562 26
67 216 294 14
53 5892 5981 7
95 4681 4778 10
51 6806 6865 5
67 6270 6351 1
39 10735 10792 7
57 2460 2529 5
28 12161 12205 28
98 297 418 15
64 11786 11910 2
38 7877 7922 5
99 8769 8933 17
56 946 1027 19
17 98 116 5
15 4897 4923 28
89 5087 5249 12
74 3842 3955 30
25 8219 8244 12
54 7049 7143 12
35 4170 4234 30
19 3833 3857 25
84 1590 1710 18
49 10695 10774 23
91 8360 8505 11
49 5499 5548 28
61 10870 10981 29
73 8099 8194 4
65 1114 1196 6
21 3681 3704 21
97 1732 1844 15
34 11019 11074 23
26 4060 4103 24
77 5545 5632 29
50 6986 7076 15
57 9945 10014 8
68 5494 5582 12
62 6272 6391 11
99 540 673 6
17 5329 5358 23
72 8187 8280 1
91 7714 7866 9
82 5016 5133 10
48 8506 8595 9
57 5602 5698 10
99 3785 3950 6
78 3996 4080 18
38 9698 9739 3
68 267 403 15
20 1492 1520 27
40 3731 3809 4
32 1111 1152 3
42 11923 11983 9
28 539 581 18
67 2807 2893 21
87 2162 2301 23
95 1184 1327 15
26 1554 1581 23
45 7894 7968 29
59 9719 9793 5
94 3445 3578 20
71 12187 12265 5
63 2119 2197 17
79 1894 2025 29
38 2426 2488 15
57 7700 7789 16
86 6022 6119 17
35 9999 10034 20
63 431 557 22
40 8592 8654 9
66 9540 9626 4
90 10596 10711 25
38 6420 6482 14
37 523 560 10
33 12034 12083 25
55 10933 11013 11
36 10923 10980 15
17 1576 1603 11
76 242 380 4
61 7236 7345 17
61 6149 6243 25
55 11975 12055 26
33 1996 2049 30
71 12057 12141 16
91 10124 10295 5
27 11955 11983 28
33 2658 2719 13
73 11411 11511 6
61 43 158 18
73 8923 9027 27
77 12109 12204 10
85 4517 4639 30
33 6306 6366 6
59 10771 10860 22
61 4321 4432 1
28 4506 4542 18
53 11468 11574 5
84 9964 10094 21
45 4122 4211 28
97 6464 6616 2
98 973 1092 10
91 600 762 24
37 12023 12064 14
55 6981 7043 6
59 7701 7765 1
37 11516 11581 15
92 4724 4847 13
90 11812 11923 4
16 112 130 6
77 6796 6904 11
69 6633 6707 1
38 11710 11781 28
96 2740 2881 14
81 8782 8923 9
17 6362 6387 11
60 3694 3773 7
54 2514 2592 30
35 1994 2034 17
23 6814 6857 26
84 2027 2133 26
17 74 93 6
46 6352 6418 10
43 5074 5125 13
39 2494 2537 15
34 4150 4196 7
48 2860 2920 19
14 8495 8521 15
27 9846 9873 13
64 3590 3694 9
72 129 272 28
98 4583 4682 20
71 1398 1525 25
96 11791 11920 12
48 9954 10018 24
16 4124 4156 9
85 8464 8624 2
25 5979 6028 26
77 11073 11184 3
32 2950 3001 15
61 7209 7318 10
91 4159 4265 13
87 5813 5917 11
74 5198 5298 6
96 9446 9590 22
19 2402 2434 29
13 9988 10012 14
19 6129 6156 6
66 7137 7248 26
82 2678 2814 15
54 5475 5541 7
31 757 816 2
45 3108 3189 6
10 4837 4855 25
66 4436 4517 17
72 3125 3253 27
67 5170 5241 22
23 416 439 18
88 7443 7589 14
46 9607 9665 1
42 3942 4025 24
62 6216 6279 7
32 10975 11039 11
67 3087 3209 27
77 8631 8780 28
73 1861 2000 3
65 1785 1894 9
16 807 825 14
87 9197 9364 7
92 8956 9077 1
83 11904 12026 15
99 5678 5849 8
95 8042 8207 19
32 12206 12264 21
71 4902 5044 28
78 4366 4462 6
49 2297 2382 16
60 10785 10853 25
26 6591 6637 12
14 6266 6293 8
32 10232 10276 6
34 546 602 30
77 9338 9488 22
68 8201 8309 2
95 7571 7730 27
50 8757 8823 22
44 6836 6897 28
17 8905 8928 18
12 4248 4263 4
33 5179 5229 28
88 1310 1439 5
35 9054 9108 24
13 12052 12073 16
32 1853 1907 13
21 2634 2670 29
75 1091 1192 12
67 7015 7086 20
13 9826 9852 21
36 10574 10638 8
47 8868 8918 29
96 2330 2455 2
85 10368 10480 24
95 4262 4363 6
22 9785 9828 19
82 3175 3334 30
19 7562 7582 26
90 9282 9407 18
83 5720 5817 17
83 11567 11717 4
38 1237 1294 27
21 1996 2018 17
87 6472 6598 23
88 7686 7778 18
54 3414 3478 26
27 9556 9604 24
57 11750 11860 14
42 88 142 20
49 10519 10578 17
15 1722 1741 2
26 10104 10151 17
17 122 142 15
32 8830 8892 29
25 3155 3180 4
62 9895 9967 28
86 3663 3818 13
71 1498 1586 4
57 8221 8311 12
44 2911 2960 13
40 9624 9701 26
12 9883 9896 15
21 5003 5026 22
58 9498 9611 7
35 6982 7047 29
70 3298 3436 5
17 4040 4073 20
57 3112 3171 14
71 11220 11362 23
35 2815 2872 6
43 821 893 7
25 7210 7257 22
10 12049 12059 16
69 9129 9210 22
61 1675 1737 30
33 3571 3622 4
87 898 1026 29
13 6293 6310 16
54 7671 7725 19
83 10851 10959 21
68 9581 9675 18
41 3161 3214 16
55 12034 12115 9
42 4102 4156 30
72 9568 9696 7
38 7330 7377 11
63 10881 11006 20
62 2519 2641 8
32 0 49 7
92 11302 11449 4
83 1694 1830 23
