150
16 4056 4082 1
94 1473 1649 1
61 1934 2002 15
52 4375 4463 3
19 6044 6070 10
96 5390 5567 13
57 2280 2365 8
56 1967 2028 10
66 3518 3634 4
21 2263 2298 8
62 2070 2191 11
78 2740 2842 6
65 417 485 2
74 3745 3834 15
74 2311 2428 8
33 2412 2448 4
65 4082 4187 12
68 1053 1178 1
82 4899 4997 8
17 3475 3497 2
67 2804 2917 9
71 807 885 11
17 1850 1871 15
56 1234 1295 13
45 2674 2749 8
89 2456 2629 2
89 483 643 11
76 5962 6081 12
84 521 609 11
44 1206 1292 3
70 2946 3083 15
70 2647 2720 5
40 67 116 10
50 696 786 2
14 6066 6083 7
37 5925 5992 2
39 3119 3196 10
81 640 758 7
23 241 277 10
76 2534 2619 6
68 5016 5110 4
96 1691 1822 1
45 5340 5416 7
47 3102 3157 2
93 3662 3801 15
97 246 410 11
85 0 111 2
53 4596 4652 7
12 18 37 3
75 4704 4850 14
66 676 746 7
68 1436 1526 6
68 1786 1877 1
51 3456 3511 5
74 2627 2773 15
74 6225 6349 4
99 4903 5065 4
55 3401 3472 13
77 3876 4015 5
23 2713 2755 4
69 1102 1218 4
43 947 1007 1
46 213 301 7
92 4615 4792 9
65 4128 4258 1
19 6209 6234 7
78 3017 3102 4
48 4271 4340 9
34 5893 5929 13
59 4555 4654 6
48 4477 4551 15
48 401 480 9
89 1517 1654 3
46 1885 1937 11
57 3116 3189 5
39 685 730 3
21 4535 4573 2
32 880 932 10
12 3441 3460 4
26 2921 2957 1
65 3082 3210 9
21 1671 1703 13
86 774 898 11
40 1646 1691 6
52 358 455 7
28 2046 2075 3
40 3598 3668 13
70 96 218 10
78 663 780 13
38 5184 5247 5
34 5672 5707 3
53 3189 3281 13
63 6332 6403 6
44 2429 2486 12
59 5526 5612 3
11 3466 3486 7
62 1385 1502 13
11 2933 2949 7
16 1866 1886 10
29 2217 2266 13
38 2489 2549 9
83 3126 3268 13
17 4447 4466 6
49 3856 3925 12
30 3024 3058 4
25 476 514 1
76 5593 5705 5
79 972 1057 13
15 4211 4235 6
68 4231 4354 14
38 2927 2993 10
75 6131 6248 7
93 5705 5832 7
26 4333 4375 10
82 2910 3052 3
11 4540 4560 8
90 3981 4103 3
80 3764 3858 1
54 4832 4900 11
33 1273 1331 9
98 6068 6264 3
20 776 812 3
80 903 1040 14
79 3346 3472 11
83 1999 2114 12
22 4318 4348 12
94 5244 5378 14
45 4154 4213 12
71 5825 5901 1
22 4456 4489 9
81 5302 5457 3
41 4109 4183 4
91 3035 3202 12
61 3906 3981 5
60 606 670 7
99 3208 3356 14
78 1282 1386 4
92 35 146 11
17 878 905 9
59 697 780 5
69 5095 5206 9
47 3480 3544 6
20 2924 2956 15
44 2151 2233 12
38 2567 2634 11
74 5794 5868 5
75 2490 2609 13
92 5601 5785 1
63 3047 3123 10
24 4030 4076 12
