200
23 6997 7033 5
62 865 952 11
62 5495 5595 18
31 4331 4374 7
18 5365 5401 18
70 5293 5384 6
34 69 112 15
81 4384 4529 18
68 4267 4348 5
21 6459 6497 6
88 973 1061 9
52 7297 7359 6
38 5440 5516 10
53 177 236 3
82 6251 6367 11
54 4989 5050 11
14 2576 2593 7
56 5595 5686 13
56 5102 5165 9
12 3315 3328 20
25 5922 5970 6
85 6849 6951 13
76 3900 3989 15
88 4677 4810 4
81 5027 5124 13
82 2830 2969 8
47 7145 7235 12
82 3197 3338 18
48 6411 6497 18
70 2348 2463 18
32 3869 3910 11
17 5439 5458 1
85 2045 2193 15
55 6937 7007 16
41 2660 2712 5
44 7600 7660 20
76 3402 3507 20
66 4471 4599 14
41 6518 6577 1
39 3706 3761 9
56 4205 4268 16
84 1722 1810 13
88 6784 6893 20
60 483 579 1
55 1296 1359 5
33 6642 6680 4
76 699 785 6
69 8034 8116 10
99 1560 1756 11
19 4795 4814 11
12 7704 7716 7
87 7895 8057 18
42 8035 8097 16
38 2548 2592 15
52 7412 7483 11
48 4645 4719 15
86 6117 6264 5
34 4366 4426 10
91 1724 1875 6
93 2289 2390 15
89 5951 6094 4
11 7185 7203 6
70 0 123 15
59 7098 7203 3
96 2773 2890 19
62 2070 2137 11
28 4558 4598 12
71 74 188 1
14 2956 2974 5
61 3128 3191 16
41 5718 5769 10
61 6849 6915 13
54 7759 7839 17
71 7327 7439 13
78 3517 3650 18
70 2484 2558 6
51 2899 2989 20
77 2742 2865 10
63 6750 6819 12
46 3482 3534 20
71 4585 4719 13
99 114 229 19
33 7169 7207 8
86 2433 2546 8
13 3881 3904 12
19 4225 4258 18
34 8044 8088 2
88 1621 1779 19
75 900 1009 6
50 4249 4322 18
39 3568 3619 12
54 7077 7177 7
67 4190 4292 15
78 1348 1466 14
88 585 695 13
76 2665 2804 18
26 82 126 6
47 5431 5505 8
49 5677 5729 4
13 5656 5677 9
31 2125 2166 14
39 1898 1947 3
54 248 336 20
13 5476 5498 5
72 6678 6763 2
69 396 483 4
49 4856 4954 1
21 7682 7708 8
25 3293 3333 3
82 3899 3990 1
24 2322 2351 16
78 5858 5967 3
58 7188 7274 10
20 569 605 9
35 4298 4341 18
81 7787 7912 12
84 2248 2382 7
53 1248 1313 18
51 8064 8161 16
21 6497 6526 11
13 5894 5913 3
23 5289 5317 1
75 5888 5969 7
84 6322 6415 12
78 4098 4253 14
17 103 133 18
75 3015 3157 20
21 4814 4851 8
26 3896 3928 19
59 7711 7827 10
94 2125 2250 17
88 4765 4856 2
24 4489 4525 16
39 3374 3441 8
29 186 220 14
70 7260 7369 3
36 8141 8210 8
17 0 17 20
70 4895 5008 12
50 2579 2671 7
70 7963 8049 8
24 952 984 14
51 5176 5263 3
80 661 806 18
78 3749 3870 12
86 3611 3715 2
76 7636 7743 1
90 3997 4104 11
95 1434 1588 15
77 1809 1924 1
41 1023 1076 3
33 7116 7158 18
13 5093 5118 18
44 951 1018 1
91 6572 6696 18
47 2973 3046 19
54 5136 5222 3
18 3110 3141 20
34 4649 4683 18
46 7028 7091 8
18 284 306 6
58 3918 4031 5
88 7483 7611 4
65 3658 3723 17
75 7151 7267 10
53 1638 1732 16
34 2395 2433 18
13 6458 6473 8
56 295 399 4
24 3184 3210 16
78 733 872 19
45 1115 1184 17
63 4337 4440 8
17 4831 4865 19
73 5382 5475 4
71 1026 1149 4
54 730 834 8
40 1003 1048 20
96 4884 5007 7
35 3317 3375 19
91 1836 1993 18
51 5233 5301 15
71 5322 5416 5
29 4517 4564 15
40 1093 1151 12
30 4157 4215 2
55 6584 6669 3
57 222 312 14
68 6903 6973 5
50 3900 3963 19
25 2569 2597 6
14 5905 5931 16
73 6026 6167 1
27 661 690 3
54 1878 1936 7
84 1903 2064 12
49 3743 3816 12
68 1170 1288 5
20 203 223 20
92 5728 5905 13
