500
75 19098 19184 30
17 18281 18315 36
70 4153 4278 25
99 19325 19465 9
56 657 769 40
82 11743 11863 20
12 5246 5267 7
83 4896 5041 44
67 3582 3669 19
31 2484 2540 27
85 5102 5232 23
27 14615 14669 33
78 2695 2832 33
73 14956 15085 14
70 9179 9274 28
65 4488 4567 22
76 18534 18631 15
89 11873 11965 44
98 6729 6843 41
22 7919 7955 7
47 3612 3683 16
78 10136 10254 22
50 5683 5743 45
72 4431 4519 11
72 1699 1826 21
15 3683 3705 4
83 10261 10374 7
94 20082 20227 10
38 4585 4625 35
70 2155 2241 12
99 10767 10930 29
11 9957 9975 33
36 17217 17269 42
60 8965 9061 4
30 1661 1704 1
47 14806 14879 2
58 6524 6585 45
76 1381 1506 8
95 5517 5625 41
51 7441 7539 27
96 14401 14586 45
91 8104 8273 34
22 15110 15151 18
22 4050 4075 45
90 14677 14787 43
58 16867 16976 42
56 261 343 33
41 3864 3914 16
19 2370 2404 36
28 5418 5451 29
32 9618 9670 5
92 17367 17523 4
65 14896 14984 36
22 11169 11209 10
38 14554 14616 4
46 12519 12573 24
79 145 303 40
27 7424 7453 15
11 11508 11526 10
55 5270 5335 26
75 7625 7741 20
52 4768 4826 28
50 7794 7893 49
82 3050 3175 42
47 18119 18204 41
69 17765 17874 45
23 7272 7298 3
49 15777 15864 3
21 2019 2041 46
39 12938 13012 48
38 1550 1616 7
96 9849 9983 4
46 12013 12104 34
14 9032 9051 32
90 2222 2358 27
81 16548 16631 31
73 18751 18858 28
74 19069 19145 45
35 15443 15513 22
35 14489 14544 5
92 9408 9521 4
10 15752 15766 7
96 2279 2381 17
27 13301 13332 49
32 2337 2374 38
10 1196 1210 20
69 2812 2940 26
39 14831 14885 5
32 13360 13398 28
84 13022 13116 10
78 3097 3181 19
84 4864 5030 2
48 13112 13193 28
66 19421 19525 10
10 16386 16406 27
20 1672 1692 17
72 5592 5681 5
79 15330 15476 1
68 1218 1342 13
94 13819 13980 33
58 15509 15610 9
62 14745 14830 39
66 15651 15773 25
42 1682 1745 26
96 10375 10477 38
15 11107 11127 34
63 2387 2505 1
99 16796 16911 4
19 19206 19238 37
12 13315 13331 43
82 6257 6390 48
57 535 594 41
31 9590 9633 24
72 17062 17200 8
99 16596 16712 23
58 5497 5562 28
17 4410 4428 16
40 8396 8457 49
85 15685 15771 27
15 14831 14853 9
27 2884 2915 30
42 18531 18596 30
81 7034 7146 36
20 16336 16358 46
70 14579 14663 34
42 12730 12788 31
71 14434 14514 27
99 425 552 45
54 12060 12150 25
95 9968 10110 9
52 18483 18587 39
22 18110 18144 9
30 19070 19103 27
63 18623 18732 48
14 11518 11539 48
91 10501 10632 21
58 915 998 10
62 27 121 40
87 1046 1212 29
23 17020 17053 30
41 15182 15252 8
99 10462 10608 1
17 7930 7963 38
18 17934 17957 34
22 84 111 4
81 14161 14316 9
61 17828 17942 15
28 17993 18031 3
98 1587 1728 45
74 12823 12912 17
85 6884 6995 4
96 6501 6637 1
50 11122 11176 47
27 16967 17003 11
98 16154 16301 10
32 15765 15814 38
80 3762 3851 13
88 13181 13327 31
44 3309 3377 47
59 5778 5887 14
30 2215 2256 42
33 18221 18269 3
37 11500 11557 41
13 19726 19747 47
58 7680 7740 14
29 13773 13823 41
90 7301 7422 42
54 1489 1572 14
84 10424 10515 15
23 3923 3953 12
71 11220 11359 4
14 12276 12294 6
19 15122 15149 7
32 20284 20331 31
88 20149 20285 3
22 4505 4538 50
39 16738 16813 17
41 4241 4317 33
89 16397 16565 41
97 20353 20542 13
94 6989 7114 37
67 2583 2656 5
31 18190 18243 8
40 2668 2738 20
80 4609 4720 41
55 15627 15709 37
20 3551 3588 47
77 13635 13779 47
34 7292 7328 6
21 3341 3379 10
89 303 436 13
58 19101 19214 49
92 7074 7225 19
33 8641 8680 23
65 8668 8748 9
34 4843 4902 39
46 4059 4131 12
73 1501 1625 19
28 9035 9064 10
83 2126 2281 49
84 8528 8645 4
53 12346 12402 23
19 1914 1942 30
18 15636 15654 27
38 3347 3406 26
61 708 808 8
99 11371 11512 19
50 799 865 36
74 7756 7863 25
29 8053 8090 13
67 18709 18781 35
50 1550 1650 48
16 641 662 31
94 12174 12342 5
27 19410 19461 22
79 5535 5634 17
51 3035 3093 19
86 12860 12961 45
58 8710 8804 29
74 6376 6484 46
54 2695 2792 17
99 16973 17127 29
48 15748 15805 8
20 10238 10273 10
32 5470 5524 16
56 2605 2684 31
55 12196 12266 47
48 1500 1596 33
27 15593 15647 8
61 19316 19384 49
16 7033 7055 29
86 9640 9796 23
80 5359 5467 48
21 2753 2793 17
26 18251 18286 10
18 11987 12011 9
41 3281 3341 8
23 13683 13715 9
41 12987 13055 49
48 4419 4487 26
28 16348 16392 20
84 11584 11736 21
76 20325 20477 34
16 7846 7865 1
35 14370 14413 35
55 17160 17233 47
44 5874 5926 39
67 9836 9922 39
67 11988 12104 5
77 8866 9016 33
19 2729 2765 21
70 5332 5405 18
47 15671 15736 10
24 768 793 18
71 12650 12774 31
76 1820 1914 39
25 2038 2067 43
52 17322 17383 33
48 6610 6693 47
25 7849 7883 10
97 2884 3012 12
32 1349 1385 8
79 14383 14477 45
12 13416 13435 12
53 10912 10998 15
69 17658 17787 32
88 14269 14360 43
77 7911 7995 2
53 9333 9401 18
14 19017 19039 17
82 17708 17835 10
55 9091 9149 49
18 10046 10065 34
15 7580 7606 30
70 825 962 41
29 19227 19272 29
77 17629 17708 17
52 16151 16225 36
55 10989 11062 28
99 7715 7886 44
30 9792 9840 23
68 13322 13439 31
96 17527 17644 8
61 12403 12464 4
23 17246 17289 22
93 13361 13484 13
98 9188 9332 2
59 4097 4175 25
22 5221 5252 7
49 16301 16369 28
33 9350 9415 27
49 13248 13341 6
47 13417 13501 38
50 11531 11597 7
21 12253 12288 46
92 2660 2816 11
87 19476 19609 2
44 13951 14038 30
23 5759 5799 45
23 18912 18952 19
81 18312 18420 2
13 7609 7634 49
67 6084 6151 47
60 11992 12097 46
95 7422 7528 5
10 5326 5341 16
40 8323 8402 10
11 8884 8905 4
16 19426 19444 15
53 2504 2560 1
60 8745 8812 12
97 4308 4495 4
65 18958 19072 17
25 4694 4727 30
20 1200 1238 38
56 7602 7679 2
74 12759 12874 8
60 16313 16410 10
70 2933 3069 6
12 17013 17034 39
61 8885 8959 46
61 10347 10417 38
56 18423 18508 8
78 12399 12512 38
32 9149 9188 37
60 19031 19120 9
26 11170 11205 39
27 10222 10266 10
59 18039 18151 37
58 4196 4294 44
52 8782 8865 14
16 10117 10147 34
96 17278 17410 20
63 9501 9594 43
71 13399 13523 14
46 13556 13635 45
97 8862 9004 12
81 5720 5865 19
34 5430 5484 19
84 19589 19730 31
99 899 1018 27
12 2599 2612 33
84 1947 2032 44
79 18846 18944 26
36 15148 15212 1
97 15411 15535 41
55 3706 3800 25
12 10258 10276 16
91 5997 6101 42
93 15212 15379 46
77 16101 16207 47
61 5421 5496 40
24 11809 11854 42
96 4960 5143 6
20 5489 5526 33
50 829 901 33
17 3691 3712 45
29 3834 3889 9
85 6823 6964 4
37 12361 12413 43
20 15660 15698 6
74 2038 2171 36
42 15149 15197 12
64 19435 19529 34
94 4007 4150 16
59 12432 12524 30
43 7373 7448 1
74 14773 14849 16
41 2718 2790 47
46 14337 14403 17
28 13987 14017 34
64 8050 8157 25
84 7868 8000 10
73 9266 9353 14
40 12277 12321 10
77 4807 4908 30
80 1923 2019 46
26 19075 19103 35
31 107 151 11
37 9621 9678 12
19 16716 16746 24
83 18554 18711 31
23 6977 7001 15
63 16054 16157 1
75 5625 5744 12
78 12719 12862 23
73 10093 10226 39
39 7532 7588 2
72 5882 6015 32
10 10625 10639 36
65 11908 12024 40
70 6674 6746 12
78 11657 11783 33
22 15076 15113 34
63 2203 2268 47
11 18026 18042 36
98 13902 14034 36
17 15802 15833 39
42 6166 6229 14
19 15489 15524 11
95 13395 13576 40
63 14113 14197 9
88 7958 8108 41
38 10631 10682 4
22 507 551 27
65 8472 8545 37
40 10056 10122 24
54 14666 14721 49
61 10739 10828 9
58 9451 9531 27
89 12571 12710 22
78 19804 19954 20
53 8266 8334 47
88 4719 4850 23
36 14508 14568 16
22 4586 4610 33
94 8935 9038 24
36 6453 6515 35
82 3175 3314 43
20 18917 18943 48
65 8608 8697 2
28 18289 18330 29
26 5717 5766 21
26 637 665 35
97 5876 5973 46
54 2772 2842 23
40 8088 8154 19
65 9043 9114 8
30 3929 3982 43
97 16983 17088 46
55 12302 12377 24
61 10260 10330 47
80 19954 20104 42
74 14834 14962 47
35 18405 18447 3
75 14111 14255 8
78 3951 4075 21
72 14013 14148 45
79 17051 17202 31
27 20331 20383 32
82 19273 19376 11
63 12120 12209 15
64 6555 6678 48
44 12115 12202 45
82 7115 7277 23
71 6133 6268 19
19 486 510 48
17 0 28 42
25 10310 10360 3
62 9833 9918 50
87 995 1151 31
87 11744 11907 18
53 20256 20343 21
22 4808 4851 16
30 774 818 17
92 3436 3560 7
30 16343 16398 15
62 4534 4602 21
70 11026 11130 39
63 3361 3477 13
35 591 645 33
56 13704 13803 36
32 6228 6263 36
55 17581 17646 5
89 2516 2607 37
49 1321 1386 11
10 14398 14409 39
96 12964 13125 42
78 8018 8136 13
63 15829 15921 23
34 17184 17244 39
90 18939 19035 38
57 13356 13442 2
54 15990 16062 13
33 11840 11876 46
74 10668 10778 39
82 16596 16741 40
45 9328 9411 21
60 11329 11432 16
47 5255 5327 24
19 2336 2369 13
41 19946 20003 31
40 506 565 37
53 8444 8500 15
55 14698 14759 16
18 6075 6093 16
51 8083 8136 40
25 16114 16162 18
68 5928 6015 12
54 14626 14694 3
72 17941 18051 12
19 19265 19292 47
61 3913 3983 13
57 17503 17569 35
53 13471 13577 4
24 11582 11620 40
77 15889 16028 19
36 11200 11260 38
45 619 679 25
60 19737 19855 4
