400
60 13306 13368 36
53 2535 2634 13
63 9848 9951 34
71 7361 7478 1
53 7517 7600 27
26 10270 10316 33
79 867 999 30
98 13457 13610 10
32 1131 1167 8
65 8315 8426 38
13 1464 1481 8
64 12507 12580 12
33 5573 5616 34
99 1874 2034 9
69 11946 12018 28
12 6869 6886 34
34 1146 1203 22
23 11920 11954 34
97 9030 9187 31
14 11397 11415 11
47 11615 11698 19
46 13113 13169 7
38 10877 10933 18
46 880 942 29
77 2116 2236 32
71 1523 1611 20
44 4190 4268 30
11 3196 3210 10
68 13195 13269 5
32 4941 5002 13
48 914 998 4
40 12175 12218 9
72 3622 3762 33
66 10436 10502 29
60 1127 1220 27
41 6758 6822 11
13 4457 4473 37
89 1548 1703 16
18 13562 13581 32
73 12030 12144 2
69 11238 11374 29
13 9109 9134 8
98 2238 2408 35
89 2257 2431 7
19 1556 1584 17
30 11972 12005 7
48 5180 5251 2
85 13868 14025 38
91 679 844 28
60 2470 2564 18
75 9316 9414 22
27 13650 13697 1
48 7419 7478 12
98 3873 3996 33
15 13333 13363 32
17 1199 1220 32
64 1116 1226 26
77 13572 13706 23
52 11932 11987 19
51 10008 10067 12
19 2981 3007 20
18 3033 3059 19
32 2480 2540 19
21 10434 10466 3
55 0 84 30
47 4217 4305 13
40 7725 7793 7
71 12964 13091 7
34 10497 10550 6
91 1418 1523 35
48 2334 2390 23
27 7181 7223 38
76 3670 3790 11
12 13381 13405 4
69 9753 9842 25
32 5041 5088 8
43 13076 13145 24
79 6638 6762 8
81 6112 6258 37
52 5837 5920 33
48 5622 5692 34
71 8425 8530 18
89 14530 14630 11
36 7515 7559 28
41 3803 3873 1
21 3064 3093 22
58 4035 4111 15
87 7769 7942 2
88 8136 8263 27
90 3617 3791 32
10 4202 4217 8
54 6422 6501 34
59 11542 11618 19
54 13552 13637 22
52 6022 6087 16
25 7736 7773 30
15 11967 11994 2
51 997 1082 20
36 5398 5468 25
16 6520 6539 7
31 13352 13383 7
11 3548 3567 7
82 11156 11263 13
52 12874 12930 10
65 10406 10477 18
54 11096 11178 18
79 13992 14146 13
83 8512 8625 40
13 7043 7069 17
32 852 892 5
62 14219 14326 16
21 8809 8842 39
97 12455 12555 28
91 12309 12430 1
41 4343 4387 26
61 6445 6527 11
59 5940 6050 21
17 8672 8692 37
22 10298 10331 29
88 138 290 3
28 594 641 17
29 6335 6365 21
49 4578 4644 20
62 9543 9649 16
11 5747 5762 37
75 13211 13321 17
43 7017 7073 13
30 2925 2969 1
17 4875 4892 16
31 11901 11944 24
75 10885 11022 2
62 5241 5358 4
27 2410 2448 2
92 1793 1963 31
20 14934 14961 14
45 10945 11000 17
57 10051 10122 16
61 2536 2658 37
73 3062 3148 21
92 6773 6873 17
16 1649 1670 22
65 7135 7208 31
95 4990 5106 32
41 6084 6164 34
10 1666 1677 33
85 9636 9801 5
99 7969 8156 10
87 14671 14818 32
10 11132 11144 28
80 8739 8892 18
66 2675 2761 30
76 6549 6628 26
41 11607 11658 39
49 12274 12337 33
30 9715 9745 24
57 1672 1737 21
51 14514 14568 5
30 380 427 35
56 3020 3078 35
62 6951 7065 27
83 9621 9765 7
75 5388 5479 27
30 8535 8581 34
64 5087 5163 16
45 4888 4937 18
52 12903 12983 14
71 7338 7428 32
60 8735 8809 36
22 12163 12191 12
31 4907 4960 4
53 11717 11775 15
32 6734 6767 23
68 589 723 26
56 4770 4882 15
42 4086 4144 40
43 14462 14541 13
64 2004 2130 30
91 10134 10244 15
90 11476 11595 17
69 1218 1330 37
48 14580 14661 37
12 11409 11427 2
61 4645 4719 13
24 10464 10505 34
26 4299 4329 1
74 10214 10300 26
73 14349 14453 25
30 12786 12842 10
81 12667 12808 22
33 6363 6427 24
30 5021 5070 1
41 14204 14271 37
30 6427 6473 35
21 8966 9003 4
10 11778 11793 13
15 12257 12279 36
70 4713 4826 19
41 14075 14150 13
39 3730 3800 20
83 14604 14767 30
61 14150 14225 8
65 6869 6957 20
64 11515 11587 19
99 5576 5711 14
28 13639 13667 1
16 5122 5148 23
24 1505 1532 31
39 4978 5045 23
80 5430 5578 23
38 82 140 35
66 6539 6641 22
17 1395 1423 35
68 3249 3370 13
67 14542 14629 15
11 10488 10507 22
56 9909 9998 7
75 10790 10930 37
36 7768 7836 5
29 14503 14532 27
92 3124 3269 27
65 1078 1168 14
56 2066 2139 37
71 2989 3119 8
78 8835 8919 32
23 3370 3399 2
76 8238 8322 31
47 8812 8863 5
57 12814 12875 27
99 7450 7555 13
51 349 415 28
14 2925 2939 25
72 12740 12822 30
23 3186 3215 40
61 8437 8524 40
34 3038 3074 22
60 4472 4562 3
64 5178 5247 19
71 7939 8012 18
17 4446 4470 19
17 9133 9150 6
47 9974 10046 27
93 9217 9403 25
84 12183 12274 1
91 2726 2863 21
41 9580 9639 34
43 2795 2858 20
71 1218 1341 25
36 802 855 14
14 10979 10995 31
69 4119 4257 33
57 8677 8738 25
43 5678 5739 6
88 13289 13410 20
13 11133 11146 26
81 10054 10141 25
66 10307 10395 4
20 11424 11446 17
87 2586 2675 7
36 1482 1529 5
83 227 369 22
52 14818 14913 2
31 914 967 21
19 5757 5776 24
74 6240 6337 15
43 5058 5121 2
25 10036 10073 6
92 7183 7301 18
66 13142 13258 33
32 4319 4365 7
89 12380 12498 12
81 13705 13810 13
27 10026 10055 27
22 9155 9181 17
51 5157 5250 12
52 12887 12953 23
90 10571 10696 7
38 7064 7135 29
41 1135 1198 26
65 379 482 6
26 3454 3499 40
59 5096 5208 7
21 14588 14627 19
38 2383 2452 10
35 9079 9126 40
64 13417 13537 37
42 11761 11821 36
22 5140 5171 34
77 2263 2372 28
96 6417 6522 16
28 6608 6648 3
99 415 580 37
38 10992 11047 5
37 6053 6114 10
72 13783 13888 10
35 9106 9164 3
82 10248 10335 2
91 3948 4039 39
28 11474 11518 37
70 10480 10596 2
12 6861 6878 39
71 14267 14403 17
98 5895 6020 5
68 10558 10634 7
52 11441 11533 28
84 8605 8724 1
15 2966 2995 13
13 10232 10250 37
20 9133 9164 1
28 6190 6244 36
74 12549 12691 32
59 14896 14964 33
62 4742 4834 2
24 8568 8609 34
85 1725 1872 14
79 12900 13015 22
55 5774 5857 26
41 3196 3278 38
74 5356 5456 20
73 1476 1561 10
86 6048 6164 36
80 7570 7704 26
83 10836 10940 31
19 4638 4672 40
35 2902 2947 3
15 14507 14528 32
64 1289 1398 19
69 7192 7309 33
20 2371 2394 34
36 3795 3834 32
54 14597 14673 6
42 14531 14602 7
70 5707 5818 5
86 7051 7175 27
37 11349 11420 20
69 10358 10466 35
55 3088 3173 14
33 2211 2251 15
50 9798 9856 16
28 2442 2484 34
19 10754 10790 5
48 612 687 1
99 14906 15028 35
12 9071 9085 17
16 2326 2350 35
37 4299 4360 25
82 12000 12091 3
84 12641 12762 20
15 10427 10447 29
53 1564 1651 28
18 14448 14471 26
70 8855 8975 4
43 13665 13743 28
64 9492 9605 13
26 3613 3639 39
71 9731 9808 19
15 13311 13337 7
49 13392 13464 8
46 13653 13739 10
55 5929 6036 11
42 14806 14873 2
66 9161 9287 40
55 9097 9167 5
95 11788 11916 7
58 11051 11150 9
25 5929 5971 23
62 2857 2979 31
18 573 595 18
27 9125 9165 9
51 5550 5623 6
98 7242 7356 33
74 4385 4510 19
93 3393 3554 13
18 10402 10420 14
60 10657 10774 15
31 8980 9036 13
89 3565 3694 18
97 9397 9516 7
87 237 351 24
11 12811 12824 14
47 396 465 7
80 12103 12199 34
35 4532 4600 25
52 10789 10849 29
81 9433 9532 37
71 3488 3568 20
23 3242 3274 4
33 11001 11065 16
42 10516 10589 38
94 11220 11321 37
60 12043 12148 20
22 11140 11164 40
92 9012 9132 20
46 11687 11775 2
15 3715 3732 37
49 7643 7727 1
28 10628 10679 10
28 4561 4611 33
61 8695 8792 10
13 10989 11002 32
57 14108 14187 7
