350
12 14022 14043 14
42 1919 1965 23
16 12382 12407 13
34 12561 12617 7
44 12714 12782 17
58 40 149 2
15 8280 8301 15
87 9817 9904 23
59 13617 13707 16
36 2543 2592 5
40 13202 13268 13
91 9717 9870 12
56 10670 10766 2
22 10582 10604 20
71 7527 7642 31
48 6656 6747 9
96 11809 11962 29
98 4168 4296 6
55 7967 8048 31
75 9522 9656 10
56 2102 2205 20
39 8459 8505 13
20 9637 9670 18
96 6729 6891 34
50 10386 10470 35
75 8017 8166 2
78 499 604 15
83 8798 8922 24
62 5208 5277 18
37 12143 12186 14
43 2844 2922 16
80 6461 6588 14
28 9708 9746 16
44 6138 6220 14
42 9496 9540 19
15 7331 7359 33
94 3677 3818 25
87 5009 5138 35
82 10656 10755 27
59 8075 8190 32
93 10265 10423 8
71 4450 4527 19
91 139 295 33
41 3753 3828 6
73 7439 7584 10
95 10851 10967 5
75 193 333 5
74 8732 8856 35
20 1602 1624 21
23 8896 8938 1
61 7165 7248 25
77 8665 8811 3
66 1688 1811 19
93 10885 11056 1
42 5435 5485 8
46 6265 6348 5
86 1411 1520 10
21 2537 2563 35
52 5749 5812 18
11 9697 9709 3
71 409 526 14
68 5891 5982 8
78 13420 13540 7
51 7549 7604 24
21 13982 14023 11
56 778 883 6
50 9337 9416 4
58 10727 10820 15
38 12026 12066 34
68 2073 2189 23
13 14198 14213 17
63 13919 13983 19
72 10567 10699 32
64 11261 11366 5
99 755 856 30
35 11589 11638 33
53 9361 9444 7
10 6537 6549 7
25 13068 13108 24
44 7036 7095 19
10 9336 9350 32
30 10590 10644 29
55 8585 8681 32
77 7950 8090 5
49 6064 6154 28
83 5783 5906 7
70 11626 11701 3
42 6468 6550 31
30 8050 8100 17
60 11132 11247 25
54 7579 7638 11
84 4371 4455 25
96 5481 5628 13
93 9398 9507 14
22 10635 10667 33
91 13075 13215 34
46 8349 8414 24
58 12691 12768 33
94 5589 5716 33
82 4450 4550 35
81 11902 12052 8
18 9168 9186 8
43 9593 9672 26
74 4907 4994 24
55 3808 3888 23
27 4579 4612 34
82 7136 7240 25
40 9662 9703 27
90 6312 6484 17
12 1404 1421 18
60 10794 10907 9
87 9113 9266 27
77 2851 2941 10
31 864 917 21
78 12732 12834 14
67 4602 4683 30
76 3358 3447 25
78 268 369 18
22 9578 9613 32
76 11631 11708 26
60 6206 6305 29
56 11625 11710 3
36 4318 4372 16
28 11984 12027 1
11 2977 2989 29
56 334 424 27
88 2984 3103 35
13 8444 8458 31
35 3861 3904 9
19 6255 6283 19
47 14149 14212 10
71 9185 9262 14
74 5039 5147 32
70 9839 9939 10
82 13484 13630 28
78 5312 5443 28
25 13966 13995 19
45 8390 8463 2
59 3861 3961 22
45 11422 11492 31
72 14278 14354 23
82 11479 11629 28
28 2326 2362 13
88 10869 11040 35
92 7710 7859 4
31 703 765 20
27 97 141 34
68 5127 5226 12
95 10217 10328 1
67 12879 12996 1
27 2105 2154 9
47 11116 11194 1
80 8932 9016 24
24 1507 1539 11
75 9824 9941 31
34 10717 10774 19
50 12112 12179 26
88 13503 13619 24
12 2069 2086 22
52 4540 4623 4
43 14358 14437 25
90 4776 4948 28
33 13908 13950 28
62 12305 12404 25
44 6201 6259 18
46 2878 2959 14
24 12855 12898 27
19 5782 5805 26
78 9500 9636 15
58 8787 8863 8
62 2427 2540 14
31 1882 1941 28
68 2881 2985 30
83 1278 1418 34
95 11940 12101 34
88 7854 7964 26
16 765 785 3
37 11254 11301 12
26 10631 10673 14
90 2133 2257 16
22 8281 8305 32
73 998 1141 27
78 2787 2873 32
35 11804 11864 29
21 3025 3049 30
13 8300 8323 7
62 8879 8951 31
26 976 1018 24
47 8693 8743 11
94 8510 8659 35
73 7693 7797 7
15 6486 6501 22
50 9919 10007 12
53 5283 5380 6
65 4677 4798 34
54 12346 12433 11
95 13793 13963 26
27 6944 6987 13
50 11504 11575 3
17 8451 8469 3
45 12445 12527 8
94 5780 5886 2
34 12156 12220 6
14 4108 4136 27
35 5549 5599 27
61 8046 8155 21
59 11744 11814 35
40 14308 14360 25
77 3238 3357 21
28 7488 7531 14
31 6133 6165 17
10 6942 6953 30
47 5737 5804 12
57 11565 11635 27
78 11240 11345 1
44 0 67 27
65 11249 11340 2
82 6545 6706 2
55 12911 12994 27
85 8187 8348 23
77 901 995 15
21 6238 6280 15
37 12707 12748 6
56 1792 1858 30
39 12485 12561 12
56 7353 7424 3
80 362 519 32
90 9992 10126 32
51 8713 8770 24
94 2356 2500 35
28 12593 12639 25
75 8999 9114 7
78 6385 6492 11
48 13454 13519 30
54 1832 1935 25
60 4266 4337 20
22 8784 8813 27
66 3098 3228 19
54 3195 3275 30
76 6842 6963 33
23 10067 10103 11
42 6974 7037 8
13 5476 5493 11
99 1624 1757 28
37 6929 6989 18
58 3133 3239 12
64 13930 14005 8
68 13111 13209 30
19 11865 11903 9
30 13038 13093 15
48 6413 6499 32
35 14206 14268 17
64 12607 12725 13
78 3936 4033 15
45 3037 3120 6
43 12407 12486 11
23 4280 4307 2
71 8242 8314 16
61 5658 5776 14
65 6499 6564 30
80 11166 11321 18
74 3308 3402 31
25 7125 7151 3
13 3670 3687 27
75 1938 2084 14
46 2256 2347 9
77 10093 10225 3
27 13383 13436 9
69 1517 1601 29
37 4048 4120 4
29 3933 3967 23
29 14147 14205 26
51 1066 1157 18
79 13041 13133 14
22 10400 10432 31
52 11695 11765 27
32 7018 7055 29
48 12863 12922 16
92 4540 4654 1
69 4930 5041 26
16 6232 6256 9
52 3247 3326 24
14 1860 1887 17
50 7678 7730 28
31 13027 13063 13
68 7087 7206 30
77 2579 2727 9
87 12195 12344 31
99 7819 7995 21
69 7967 8077 27
31 14259 14290 23
37 12679 12734 8
58 5231 5303 1
82 1064 1176 7
64 11041 11118 21
38 12804 12878 24
46 5282 5360 31
25 1612 1659 35
17 4656 4687 29
13 1598 1616 29
85 12283 12433 1
57 2693 2772 14
93 3505 3686 9
66 4115 4215 12
87 14025 14179 6
64 3443 3564 13
36 6431 6496 5
97 1124 1318 25
88 5819 5976 26
32 12973 13020 28
30 3926 3986 20
69 14158 14239 1
69 5595 5726 16
71 12478 12593 19
59 9163 9269 27
24 12266 12294 4
57 14213 14273 29
66 7421 7537 17
56 13948 14004 4
85 10411 10571 29
68 12053 12174 25
87 582 744 22
93 9208 9381 4
73 13699 13821 3
15 9794 9820 10
42 8317 8389 6
99 7184 7332 5
36 7088 7145 4
22 12253 12297 35
74 5979 6085 8
31 2988 3027 27
63 8489 8584 30
28 4295 4326 32
80 11338 11451 35
44 3817 3884 26
37 2770 2837 17
18 5111 5141 20
77 4664 4816 10
31 4018 4070 19
23 8661 8684 31
92 13262 13405 14
33 4607 4659 16
52 8958 9049 22
40 2341 2419 20
14 13019 13047 12
18 6206 6235 31
48 7618 7689 6
22 4650 4679 21
28 8902 8945 1
22 5121 5158 16
