100
3 124 335 70
6 831 962 76
8 725 941 65
4 192 944 46
2 156 625 40
10 718 939 77
4 405 779 69
6 485 510 84
4 181 562 70
8 691 919 67
9 590 946 72
1 973 979 85
7 855 970 85
8 772 969 67
7 805 909 66
7 131 729 42
5 94 948 32
4 383 801 47
8 824 846 79
5 569 775 73
3 711 934 80
7 942 995 68
4 448 818 62
7 777 883 68
10 790 991 68
9 774 957 69
11 441 738 52
11 944 976 69
7 181 582 59
3 542 594 84
4 679 904 61
6 534 961 55
7 349 877 51
11 626 764 75
6 40 353 59
4 904 945 81
10 145 412 69
11 381 635 62
10 956 975 81
4 527 910 46
7 253 574 49
12 930 973 91
6 217 865 51
8 506 767 80
11 764 968 67
5 307 924 36
9 829 859 68
10 306 837 34
6 614 955 50
8 572 686 84
3 527 960 47
11 531 812 53
6 594 865 69
1 786 841 86
9 660 923 59
10 40 508 51
8 343 493 70
13 558 702 83
13 10 554 51
1 681 767 68
4 778 928 68
13 609 813 75
1 954 976 70
1 514 888 53
3 936 948 81
3 511 657 75
14 729 957 62
2 142 571 44
8 226 534 72
15 886 997 83
14 653 943 67
17 426 531 68
13 173 636 44
7 209 909 29
12 590 622 95
18 624 765 87
8 212 435 57
6 155 586 63
17 356 971 39
3 506 905 61
18 566 611 92
2 917 925 84
7 559 774 84
8 869 897 75
22 538 697 74
17 338 616 52
16 289 753 46
19 398 493 92
10 333 365 81
2 873 894 94
15 120 790 40
24 679 953 55
9 615 859 69
32 418 916 47
30 265 568 55
8 478 527 95
16 285 711 44
23 257 389 62
46 509 679 71
79 382 880 63
