300
1 638 697 33
2 16 153 10
2 390 846 56
2 440 730 41
2 208 394 42
2 330 536 33
1 831 981 21
1 286 999 68
1 644 746 7
3 904 986 10
2 643 671 25
3 725 986 44
2 100 708 52
3 29 344 31
3 985 998 25
1 179 760 59
2 171 338 21
3 988 994 17
3 925 986 17
1 811 969 35
3 527 815 41
2 121 981 67
1 124 757 53
2 249 356 13
3 989 996 9
2 645 916 39
2 100 186 14
3 313 967 73
2 619 932 50
1 996 997 14
1 488 921 37
1 59 214 23
1 798 992 36
1 754 926 29
1 215 230 30
3 133 155 3
2 288 915 69
1 631 885 30
1 708 710 19
1 504 731 30
2 625 866 16
3 3 282 34
1 396 399 24
1 259 384 13
1 209 297 35
1 477 498 10
2 469 839 33
1 998 999 3
1 75 890 72
3 602 679 23
2 202 397 17
3 626 673 8
3 805 997 24
3 50 701 70
3 785 947 38
2 215 743 56
2 638 722 18
3 745 818 24
1 933 978 26
1 681 723 28
1 778 944 28
3 681 897 39
3 7 691 76
3 702 706 20
2 33 732 59
2 226 303 31
2 861 930 23
2 520 997 49
2 956 993 22
1 510 541 30
3 596 754 15
2 107 425 46
2 886 914 14
1 627 749 30
1 707 932 21
2 274 414 37
2 168 416 41
1 914 934 22
1 175 487 43
3 439 832 34
1 1 580 63
1 572 824 32
1 762 953 32
3 916 990 33
3 692 924 32
1 421 447 28
1 855 940 25
2 571 611 21
2 904 976 18
1 989 998 2
3 274 472 21
2 813 967 28
2 425 775 38
3 366 566 28
1 753 819 26
4 636 677 13
2 279 654 50
2 456 765 38
4 73 649 69
1 210 926 54
2 909 996 19
4 578 853 31
2 382 538 37
1 192 283 22
4 799 996 15
2 643 826 23
3 942 986 13
1 389 637 21
4 179 521 53
3 137 409 21
1 615 944 47
3 191 352 14
2 346 947 45
3 464 788 52
4 136 204 26
1 419 873 39
1 182 743 42
3 950 998 20
2 198 413 27
4 729 952 17
3 602 671 10
2 68 473 38
3 901 923 8
4 804 890 35
1 445 720 24
4 632 740 13
2 328 700 38
4 569 680 30
4 628 740 29
1 92 989 77
2 116 152 24
1 62 218 35
4 395 517 15
3 934 1000 29
3 770 966 29
1 606 851 29
1 658 722 12
4 450 706 38
1 705 999 30
1 289 322 31
1 286 735 39
2 682 902 23
4 470 497 6
3 679 867 25
2 678 804 25
3 11 744 53
3 906 924 1
2 971 1000 11
1 236 965 77
4 767 948 34
2 574 757 12
4 903 956 26
3 980 994 15
1 722 993 44
2 542 780 44
1 559 977 42
2 296 702 52
1 575 837 32
3 753 810 10
1 935 973 23
4 625 997 50
2 67 919 71
3 964 975 7
1 914 996 23
1 338 959 70
3 581 774 30
1 111 733 48
3 579 849 30
3 207 256 21
2 103 953 73
2 500 800 20
2 709 865 27
4 339 534 32
2 52 156 10
2 622 904 29
1 292 582 24
2 138 619 40
4 328 571 37
2 930 964 21
4 152 789 68
1 506 782 30
2 206 647 53
3 888 894 19
4 632 964 28
4 921 952 16
3 193 886 50
3 916 973 27
2 13 314 50
1 920 980 17
4 834 895 15
1 498 757 44
2 264 573 26
1 240 646 55
3 779 822 23
1 859 939 8
4 916 971 9
4 501 726 41
3 44 225 17
2 375 604 34
2 894 948 10
3 945 977 27
1 48 359 33
1 46 985 90
5 149 899 71
1 358 646 42
5 529 557 7
5 655 892 33
3 457 744 40
5 542 746 17
4 601 687 23
4 517 535 2
2 204 321 14
4 103 177 18
1 476 636 25
6 387 856 59
5 687 849 33
3 643 748 26
2 193 667 44
3 157 948 74
3 880 930 7
2 978 1000 13
2 157 760 65
1 959 960 15
1 230 547 28
4 97 175 31
2 284 968 48
2 518 704 27
2 246 604 48
6 862 966 19
6 536 739 19
1 346 905 40
1 399 414 21
1 996 1000 7
3 429 718 26
5 126 864 74
6 526 627 22
2 946 977 3
6 565 638 33
3 215 728 49
4 843 890 22
7 933 983 30
1 585 904 40
1 487 606 17
7 496 781 21
2 470 933 52
2 833 919 17
3 733 763 26
7 978 988 23
3 32 507 60
6 710 866 21
7 529 771 34
1 512 953 47
7 361 871 43
8 94 537 54
4 623 930 39
2 805 923 22
2 252 744 55
5 200 760 54
2 967 999 24
6 893 982 17
8 56 581 41
7 691 731 31
7 742 963 15
4 55 526 57
6 348 949 48
6 379 580 33
1 116 128 11
6 907 976 9
7 518 826 49
6 668 751 34
6 357 903 50
2 15 38 6
3 639 875 25
8 352 634 48
6 720 931 17
7 782 848 10
6 78 850 65
9 34 181 38
7 1 422 54
2 20 576 46
11 46 641 43
3 360 704 33
5 341 904 44
10 430 689 22
12 167 912 58
2 348 561 35
13 152 712 66
13 145 344 16
14 619 799 36
3 76 796 67
8 61 833 55
3 277 693 39
5 189 247 26
3 154 716 49
7 689 975 47
15 869 892 5
27 203 982 65
20 860 915 30
25 595 921 48
44 101 512 52
