500
1 432 918 61
1 30 80 27
2 735 750 13
1 784 902 19
1 21 933 93
2 658 949 27
2 913 991 11
2 468 871 39
1 156 600 32
1 33 697 67
1 696 898 18
2 664 918 38
1 378 740 35
2 145 547 43
1 587 653 19
2 292 661 26
2 323 591 42
1 738 897 31
2 661 794 9
2 317 634 30
2 394 554 19
1 979 1000 7
1 154 164 20
2 525 603 8
1 35 224 20
2 843 906 13
1 657 868 21
2 435 993 67
1 766 902 10
1 56 565 43
2 43 153 20
2 94 649 45
2 271 384 24
2 414 463 20
2 9 930 86
1 6 32 31
1 765 895 30
2 182 349 22
1 604 796 22
2 489 691 18
1 759 828 17
2 980 991 2
2 136 411 48
2 373 491 11
2 351 909 59
2 747 927 21
1 923 990 12
2 382 675 39
1 837 855 22
2 279 538 33
2 675 887 31
2 372 748 34
2 310 486 14
2 257 521 22
1 513 696 17
1 995 999 16
2 990 993 7
1 295 711 39
1 275 504 33
2 492 864 43
1 265 619 36
2 550 717 25
2 572 823 26
1 104 793 58
1 443 475 7
2 119 596 55
2 530 598 30
2 670 834 37
2 306 852 64
2 812 920 20
1 225 313 26
2 843 871 3
2 216 726 37
1 57 350 36
1 344 640 31
1 993 998 28
1 890 962 9
1 610 690 7
1 271 367 16
1 1 586 69
1 813 912 29
2 529 913 26
2 650 916 45
1 766 913 32
1 551 929 30
1 458 653 31
2 665 834 17
1 767 908 15
2 534 667 30
1 92 610 42
2 21 441 41
1 572 600 5
2 323 756 32
2 166 630 47
1 322 921 63
2 969 990 25
2 656 981 51
1 311 988 64
1 707 720 10
1 695 757 18
1 788 859 19
1 418 981 51
1 216 659 59
1 634 971 26
1 725 955 37
1 329 902 45
1 661 852 32
2 768 992 39
2 158 175 6
1 607 889 39
1 989 998 17
2 124 201 15
1 710 841 29
2 321 644 47
2 992 997 9
2 376 793 41
2 480 667 42
1 721 888 19
1 581 595 3
1 423 907 34
2 534 576 7
2 173 855 65
2 536 778 42
1 478 599 17
1 745 840 8
1 899 984 19
2 15 74 27
2 436 861 48
2 560 640 20
1 772 828 6
2 689 827 33
1 989 998 25
1 475 893 50
2 20 591 62
2 915 950 8
2 672 815 16
1 881 932 13
2 458 606 24
1 10 839 60
1 906 984 14
2 443 825 34
2 865 935 9
2 794 883 34
1 526 566 13
2 727 965 24
2 74 181 13
1 154 689 57
2 666 954 37
2 710 797 16
1 499 808 36
1 94 217 12
2 65 698 63
1 521 824 28
1 258 711 56
1 857 966 10
1 892 966 6
2 609 758 35
1 821 844 19
2 68 272 39
2 554 705 25
1 958 962 12
1 336 554 42
2 751 892 16
1 179 533 26
2 813 832 9
2 433 450 19
2 18 327 39
2 984 993 27
1 419 905 36
1 667 952 31
2 478 850 41
2 414 874 56
2 742 910 41
2 505 568 20
2 552 564 2
1 837 966 28
1 916 969 22
1 270 696 51
1 202 669 54
1 538 858 28
1 535 561 12
2 604 864 37
2 635 665 31
1 510 656 16
1 241 401 13
2 46 476 57
2 841 853 15
1 385 530 27
2 576 959 29
2 884 995 21
1 58 118 13
2 885 956 12
1 735 742 1
2 569 904 46
1 736 934 23
1 115 981 69
2 12 214 42
1 90 892 72
2 993 997 17
2 140 764 54
2 669 799 23
1 116 355 19
2 520 887 38
1 290 349 26
1 917 975 10
1 79 349 32
1 647 821 31
2 747 928 29
1 657 704 29
2 18 337 52
2 873 913 14
1 322 788 37
1 660 937 20
1 11 389 47
1 731 896 25
2 910 919 22
1 966 969 8
2 574 663 17
2 179 687 55
2 920 986 21
1 583 696 22
2 94 388 47
1 958 993 29
2 208 967 81
2 651 762 9
1 933 977 8
1 797 997 25
2 73 833 82
1 412 901 57
2 491 794 27
2 412 753 43
2 264 889 53
1 28 256 30
1 690 948 28
2 609 842 18
2 876 981 29
1 893 978 23
1 160 441 40
2 817 951 15
1 330 446 36
1 681 708 12
2 188 857 55
2 348 937 49
1 630 785 13
1 145 748 44
2 984 999 26
2 284 614 37
1 808 875 28
1 703 804 22
1 990 993 16
1 832 955 32
2 521 740 18
1 17 485 53
2 402 703 27
2 719 755 17
2 209 732 62
2 601 965 49
2 153 944 64
1 229 642 54
1 214 351 29
2 824 921 32
2 23 213 37
1 364 888 51
2 557 628 23
1 271 657 53
2 810 862 25
1 185 750 59
2 834 845 28
1 451 528 21
1 861 898 26
2 419 638 35
1 345 607 37
2 114 923 58
2 846 999 15
1 730 747 16
2 879 941 16
1 593 934 25
2 0 460 44
1 402 635 23
2 135 508 54
1 542 962 34
2 23 97 14
2 518 734 29
1 897 988 28
1 673 692 10
2 128 823 50
1 126 626 50
2 470 603 36
1 69 454 54
2 714 734 18
1 669 761 21
1 187 664 38
1 311 838 63
2 275 620 50
2 606 986 52
1 363 938 64
1 96 405 43
2 540 845 49
1 112 780 59
1 318 831 56
1 257 532 48
2 411 655 28
2 897 998 12
1 32 294 40
1 459 615 26
1 476 511 16
2 749 988 37
1 551 924 53
1 435 857 43
2 178 664 56
1 439 914 39
2 736 976 26
1 171 737 43
1 613 735 33
2 848 929 14
2 620 933 43
2 927 943 6
1 460 600 34
2 211 247 32
2 662 779 36
1 146 968 71
1 310 571 42
2 187 868 53
1 888 973 18
2 175 229 24
2 57 394 36
1 194 621 46
2 518 854 36
1 517 991 45
2 817 916 36
2 308 635 47
2 778 905 34
1 269 946 53
1 624 662 4
2 320 593 39
3 26 370 51
1 612 799 28
3 370 410 31
2 64 208 14
3 678 681 28
2 99 912 78
2 933 981 7
1 757 976 30
3 328 954 56
3 473 738 28
1 362 675 22
1 100 251 31
2 7 792 65
3 427 655 22
1 383 488 21
2 230 666 46
3 900 939 26
2 692 1000 35
1 188 915 79
3 691 979 31
1 394 641 26
2 216 813 65
2 578 725 24
3 842 967 22
3 119 791 58
2 818 907 26
2 438 964 62
1 424 519 10
1 323 469 16
2 59 887 64
2 321 888 61
3 848 988 19
2 687 760 16
1 0 882 72
2 182 797 49
2 497 643 39
2 770 834 28
2 216 678 50
1 71 714 63
1 342 545 39
2 352 870 45
2 37 211 16
1 715 723 12
2 784 901 13
1 490 947 33
2 268 772 64
1 552 827 25
1 906 912 15
2 342 800 59
2 900 919 4
2 629 824 39
3 893 942 22
3 94 612 53
2 159 637 37
2 63 570 40
1 985 1000 10
3 325 407 8
1 905 935 23
1 54 485 38
3 585 646 28
1 866 970 35
1 321 435 8
2 144 384 21
1 661 762 33
2 214 904 57
1 265 784 61
3 5 993 98
1 485 488 11
2 273 470 16
3 755 952 31
1 951 974 11
2 428 980 43
2 516 845 31
3 653 702 12
3 322 685 32
2 32 736 51
2 702 802 25
2 828 945 25
1 554 608 24
2 663 967 43
2 291 489 36
1 47 824 82
4 370 678 45
1 882 967 33
3 12 511 45
1 966 967 3
4 578 713 10
4 791 854 23
2 303 723 52
3 723 747 12
4 755 996 32
3 97 826 58
2 493 933 41
4 327 683 38
3 159 655 40
1 509 767 40
2 943 979 29
1 99 966 83
3 659 759 27
1 103 674 68
1 668 962 30
4 974 988 21
4 810 989 27
3 717 880 35
4 931 987 23
3 501 569 22
3 871 925 10
2 982 989 4
2 902 907 10
3 48 667 61
2 80 465 36
3 136 827 66
1 788 834 20
5 634 955 49
1 435 489 6
5 31 745 70
1 112 998 72
3 12 400 46
3 236 704 43
5 465 798 43
3 939 947 15
5 47 723 75
5 888 952 19
5 263 962 49
4 435 756 49
5 8 845 81
4 479 794 33
2 935 989 29
3 707 833 23
1 792 837 14
5 26 603 62
5 898 959 9
2 668 882 35
4 831 902 32
4 4 568 48
6 129 206 11
6 941 999 15
3 430 718 25
2 337 396 19
4 808 986 39
5 959 994 3
4 579 911 41
2 39 550 48
3 552 571 15
5 4 106 14
3 660 806 22
4 281 622 53
7 969 994 10
3 280 515 32
1 100 101 2
6 12 194 16
2 421 658 25
5 301 377 14
7 630 844 19
5 313 348 14
1 926 935 25
5 709 805 10
2 719 876 39
7 124 919 79
7 462 765 24
12 739 871 16
7 611 721 35
16 801 879 26
7 479 892 35
33 682 950 45
