450
1 484 638 78
1 122 143 68
2 177 908 28
1 640 727 79
2 436 979 49
1 233 771 58
2 310 509 67
1 237 795 47
2 892 990 68
1 781 796 86
1 870 962 73
2 572 921 62
2 577 793 78
1 590 900 75
2 894 900 92
1 928 931 73
1 192 366 86
1 105 719 55
2 255 714 44
2 763 885 66
2 889 968 73
1 484 693 75
1 607 789 65
1 499 578 91
1 136 206 80
1 742 968 75
1 727 926 57
2 918 986 79
1 851 936 72
1 968 974 92
1 377 836 54
1 277 350 74
1 590 943 67
2 278 338 80
2 5 323 58
2 960 995 79
2 843 923 86
1 389 417 91
1 139 993 39
2 720 854 62
1 995 1000 75
1 232 852 34
1 125 441 56
1 446 956 62
1 748 958 64
2 641 898 52
2 657 988 59
1 381 698 68
2 414 487 71
1 174 741 48
1 422 951 54
1 879 915 82
1 470 759 52
2 120 440 47
2 958 979 86
1 18 979 14
2 798 872 76
1 370 860 58
2 877 912 92
2 478 661 63
2 580 662 82
1 685 918 68
2 361 941 42
2 896 984 67
1 466 963 54
1 5 298 51
1 785 825 88
1 638 707 77
2 189 768 51
1 20 396 57
2 581 750 70
2 755 903 85
1 871 917 92
2 99 796 24
1 593 721 75
2 269 927 52
1 530 622 89
2 410 654 62
1 670 804 90
1 285 734 48
2 716 862 64
2 912 963 69
1 573 907 50
1 561 830 57
1 731 953 82
1 583 681 86
2 378 620 76
1 491 647 64
2 622 624 70
2 189 906 44
1 447 979 47
2 979 990 98
2 580 892 55
1 737 811 77
2 600 612 81
2 734 892 68
1 70 782 50
1 811 820 95
1 113 898 34
2 301 919 54
2 796 828 96
2 515 764 80
1 642 948 56
1 999 1000 85
1 465 520 85
2 343 438 87
2 856 891 91
2 243 560 66
2 746 816 93
1 50 276 57
2 644 975 70
1 258 540 52
2 845 960 77
2 280 834 38
2 581 788 70
2 444 865 60
1 733 857 65
2 56 845 16
2 945 979 68
2 482 930 55
2 425 962 37
2 74 475 42
2 35 110 83
1 706 780 65
2 149 860 40
2 375 419 72
1 316 483 85
2 552 922 65
1 295 385 67
2 608 611 80
1 748 909 59
1 628 817 75
2 837 839 82
2 735 944 63
2 591 948 66
1 617 834 69
1 223 758 41
2 302 721 63
1 736 962 72
2 595 618 88
2 605 849 74
1 834 975 67
2 312 661 48
1 120 726 37
2 575 603 69
2 823 850 90
1 51 825 33
1 787 918 84
2 811 850 72
2 63 672 53
2 44 555 55
1 482 810 51
1 304 311 86
2 67 273 56
1 437 578 70
1 633 762 87
2 764 965 84
1 840 868 69
2 779 971 71
2 465 996 36
2 400 465 86
1 621 663 86
1 991 996 92
2 219 477 71
2 410 702 68
1 14 334 71
1 847 983 66
1 371 691 75
2 257 355 68
2 977 982 86
1 297 543 62
1 664 936 59
2 903 967 94
2 394 574 85
2 323 763 46
1 30 829 35
1 422 795 48
2 467 893 48
2 415 940 46
2 3 448 41
2 362 571 75
2 880 987 89
2 66 282 76
1 439 750 62
2 86 707 28
2 900 943 73
2 62 950 16
2 966 999 87
2 376 954 41
2 428 655 54
2 661 680 78
2 67 841 26
1 894 940 88
1 189 576 65
2 910 974 74
1 495 751 72
2 25 934 31
2 298 975 30
1 71 805 34
1 485 704 66
2 477 583 81
1 422 674 53
1 354 857 44
2 86 833 47
1 45 95 70
1 785 976 69
1 752 953 69
1 771 914 66
1 402 706 54
1 431 631 85
2 977 997 74
2 979 997 72
2 206 996 30
2 386 644 53
1 179 276 84
1 674 838 72
1 529 860 68
2 24 738 21
1 604 853 76
1 843 976 89
2 325 342 88
2 103 841 24
1 353 931 37
1 388 857 44
1 605 657 89
1 409 551 64
2 333 674 48
2 225 303 74
1 407 413 90
2 738 889 87
2 31 805 28
1 523 723 61
2 717 877 62
2 813 847 86
1 971 989 79
3 166 417 68
3 127 885 43
3 744 782 96
2 223 740 47
1 378 479 91
2 734 831 63
1 613 897 78
1 977 995 95
1 249 644 44
1 603 670 93
2 292 325 87
2 712 877 77
3 832 959 75
3 959 990 80
3 62 625 31
3 29 777 35
2 393 446 73
2 917 978 88
2 306 329 86
3 110 918 32
3 474 490 75
3 362 615 65
1 907 990 70
1 109 459 71
1 644 691 92
1 702 866 68
1 71 147 88
2 677 821 64
3 227 877 49
2 516 954 45
3 329 385 91
1 634 710 73
2 312 380 80
3 359 676 62
2 996 998 89
3 601 952 59
3 591 970 66
2 418 858 58
3 67 895 28
1 986 995 76
2 544 898 71
3 704 764 80
3 637 844 70
1 674 988 68
3 912 979 92
1 671 715 77
1 168 482 50
2 204 917 21
2 989 998 94
1 780 884 74
2 963 982 94
2 341 513 66
3 555 700 68
2 645 649 84
1 39 738 31
1 898 985 80
2 640 698 78
3 683 804 67
3 648 944 75
3 412 556 88
1 686 938 59
1 376 551 76
3 842 851 87
3 428 746 67
3 128 948 37
1 902 989 83
3 384 907 50
3 984 993 77
1 577 855 57
1 362 415 87
3 170 683 38
1 801 851 87
3 216 952 20
3 283 340 94
3 201 844 40
1 815 900 76
2 78 995 33
3 531 556 91
3 767 835 89
3 941 988 68
1 362 641 67
2 623 763 82
2 340 863 57
3 501 860 47
1 426 518 89
2 616 957 63
3 334 838 64
2 364 432 67
1 837 971 69
3 609 974 46
2 456 614 64
2 4 537 57
3 493 749 78
3 8 954 28
2 658 939 55
1 183 330 81
2 136 425 58
3 776 994 81
1 712 904 66
3 7 786 35
1 594 969 66
3 178 469 75
1 335 605 64
1 810 845 94
2 104 717 53
2 301 980 29
3 316 843 41
3 262 934 39
2 727 902 60
2 250 677 50
2 931 942 84
2 109 437 70
3 605 724 80
2 115 607 36
2 89 649 31
1 245 926 29
4 711 722 98
3 689 842 60
1 532 986 57
2 946 979 95
2 71 252 66
4 858 943 91
4 815 872 81
4 427 808 46
3 597 603 73
1 905 957 80
2 507 885 57
2 778 969 70
1 646 808 79
1 914 955 69
1 516 915 52
3 494 928 60
2 43 519 36
4 640 738 81
3 311 790 42
2 448 832 58
2 625 679 83
1 872 887 83
2 527 673 62
4 984 997 80
3 473 931 46
2 743 999 77
1 219 997 16
3 456 762 58
2 807 908 81
3 661 730 73
2 971 998 81
2 118 491 44
4 968 981 98
2 831 979 86
4 367 964 35
1 173 863 40
2 914 939 93
3 842 985 88
4 980 989 91
3 394 427 82
1 423 828 61
1 82 472 57
2 359 479 63
3 741 783 69
5 752 907 65
4 72 292 61
2 183 863 41
1 161 792 32
3 964 997 69
1 292 413 70
4 288 392 78
5 60 82 97
5 315 662 57
3 156 301 64
1 571 928 64
3 676 725 74
6 479 853 66
1 806 992 75
6 588 859 67
4 751 888 65
3 256 729 41
1 536 782 54
6 397 596 58
4 49 214 85
3 840 964 67
1 384 967 34
4 437 854 46
4 156 622 61
2 81 456 62
7 823 970 82
7 688 758 93
6 496 531 68
2 425 468 86
4 802 824 91
7 455 731 63
7 390 852 41
3 458 688 80
7 17 228 72
5 973 996 90
6 374 946 32
7 169 714 44
4 390 850 44
4 471 623 88
6 511 744 74
4 408 536 79
7 46 464 51
3 304 570 76
9 544 932 43
1 658 671 78
3 945 995 90
5 451 760 74
7 824 990 73
5 488 817 47
5 844 905 81
4 942 974 95
6 8 576 33
21 599 871 65
10 659 904 72
41 256 409 77
