400
2 281 895 46
2 413 450 18
2 157 946 75
1 819 874 7
2 431 670 24
2 394 643 29
2 220 282 24
2 172 547 50
1 818 895 17
2 105 472 32
2 919 958 27
2 924 977 17
1 344 779 50
2 687 737 15
2 168 555 56
1 22 253 24
2 453 555 34
1 625 940 43
1 495 586 6
1 464 603 26
2 632 938 37
2 289 361 15
1 353 642 45
1 88 311 15
1 677 887 36
2 305 474 21
1 532 880 33
2 724 760 31
1 916 964 22
1 457 535 26
1 516 613 25
1 615 816 16
2 622 728 8
2 801 978 40
1 244 340 31
2 690 791 14
2 110 786 76
2 513 597 33
1 586 976 46
2 506 731 27
2 159 185 25
1 750 803 19
2 454 537 17
1 364 881 51
1 818 958 35
1 858 906 16
1 499 798 44
1 488 829 28
1 649 887 29
2 870 958 16
2 594 795 22
1 539 809 32
1 847 904 25
1 421 809 44
1 989 997 20
1 389 596 22
2 976 991 3
1 733 914 34
1 510 514 25
1 289 963 53
1 172 746 48
1 736 798 30
2 772 830 20
2 604 809 24
2 553 574 5
1 291 931 74
2 174 745 41
2 807 824 17
2 648 880 18
1 3 459 52
1 129 733 67
1 666 857 29
2 691 723 7
1 494 822 24
2 160 570 32
2 42 468 32
2 263 482 17
1 956 958 20
2 762 790 17
1 73 786 62
2 409 416 19
1 160 836 64
2 294 996 71
1 837 928 16
2 753 844 21
2 482 702 31
2 26 933 75
2 688 751 27
1 445 467 28
2 904 1000 33
2 73 372 22
2 654 926 21
1 219 730 55
1 30 68 20
1 221 245 9
1 524 789 45
1 48 658 53
2 254 857 57
1 865 990 33
1 86 93 1
1 148 795 69
1 326 935 45
1 458 882 49
1 138 557 46
1 102 822 65
2 660 834 26
2 217 530 51
1 907 948 19
1 780 916 29
2 43 781 78
1 764 975 28
2 985 999 16
2 431 656 44
2 608 918 21
2 789 806 21
1 725 960 32
1 277 648 32
1 543 768 22
2 709 915 34
1 874 881 24
1 94 591 56
2 311 831 58
1 571 589 2
1 208 610 41
2 908 960 5
2 382 429 18
1 762 951 34
2 247 816 52
1 282 637 51
1 248 328 15
1 314 915 68
1 383 499 11
3 254 766 53
1 409 606 13
2 814 843 17
2 912 972 27
3 861 932 25
3 923 970 19
1 840 909 32
2 481 726 43
1 739 994 21
2 903 970 10
1 725 989 43
3 900 926 22
2 51 234 16
3 33 348 28
3 482 702 20
2 297 786 58
3 426 948 39
3 147 913 63
1 501 761 19
3 699 709 10
3 416 543 20
3 41 573 50
2 678 712 25
3 379 915 52
3 538 908 32
1 846 986 26
1 559 564 24
3 394 883 42
2 437 685 38
1 171 674 48
1 708 819 17
2 995 1000 5
1 278 359 22
2 167 905 53
2 646 849 38
1 835 843 8
3 687 872 16
1 725 732 5
1 301 918 65
1 363 597 27
2 220 941 53
2 720 829 13
1 643 989 47
3 119 778 49
3 87 822 68
3 24 737 63
2 465 699 28
3 604 724 32
2 855 943 26
1 979 988 9
2 130 332 18
2 820 875 18
2 301 715 34
1 215 256 2
2 689 893 26
3 115 147 31
1 67 647 51
3 541 694 22
1 921 965 3
3 108 561 33
2 18 154 27
3 110 722 69
2 456 558 27
2 820 950 37
3 612 872 31
3 206 731 66
2 579 694 12
3 642 758 17
1 196 392 17
3 158 263 13
3 803 886 7
1 738 990 31
2 414 464 15
3 541 673 11
1 136 680 47
1 339 662 43
3 626 956 42
2 700 717 28
3 916 970 24
1 812 828 15
3 14 30 25
3 5 175 37
1 186 590 45
3 145 373 30
2 495 613 10
3 176 820 53
1 392 730 44
2 986 988 29
3 300 912 69
1 834 869 6
3 842 878 22
3 247 916 61
1 492 795 21
2 756 860 23
3 829 1000 21
2 351 604 39
1 968 990 29
2 804 932 13
1 721 893 20
3 913 952 14
1 206 280 20
1 477 950 60
3 386 982 52
3 624 874 28
2 234 955 80
1 292 389 22
2 903 997 22
3 202 224 6
3 962 978 3
3 545 976 47
2 897 964 15
3 120 471 24
2 229 434 37
1 322 810 53
3 157 751 63
2 827 885 25
3 26 136 21
2 600 866 39
2 612 833 21
1 857 992 23
2 94 432 26
3 147 721 47
1 79 202 8
2 711 808 29
3 690 902 43
3 921 937 4
3 663 765 25
1 152 976 64
3 121 538 50
1 356 482 20
3 94 152 20
2 97 851 78
3 885 927 29
1 78 410 45
2 422 917 53
1 69 346 46
1 931 989 30
1 650 773 26
1 244 633 48
1 161 256 31
3 153 636 55
1 467 720 46
4 706 834 38
1 561 835 36
3 555 618 24
4 460 887 48
2 62 330 36
1 228 592 50
4 304 537 23
2 837 999 27
2 148 697 39
3 728 951 35
4 794 864 29
2 128 481 54
4 337 605 41
4 260 749 43
3 457 877 30
3 646 811 20
1 990 993 12
4 239 350 8
4 24 838 83
4 745 834 19
1 76 199 37
1 484 813 41
3 821 844 1
2 803 812 21
3 642 722 15
3 673 985 29
1 216 621 40
1 67 395 34
1 20 224 20
4 992 999 25
4 745 989 34
3 435 766 49
2 883 966 9
4 870 958 8
4 623 701 5
2 791 961 14
1 562 963 46
3 487 700 30
1 942 989 15
1 826 898 22
3 785 794 15
1 547 829 42
1 803 863 30
1 576 974 28
3 471 860 36
4 698 979 42
4 754 796 31
1 566 773 14
1 953 990 15
4 795 824 21
5 919 976 30
1 690 875 19
1 815 949 23
3 655 825 39
1 810 966 36
2 770 829 20
4 268 719 40
3 344 428 24
2 741 839 17
3 215 656 57
4 390 460 33
5 20 98 13
3 159 927 64
3 38 324 39
1 346 817 40
4 619 802 33
1 128 580 48
2 435 612 42
3 559 729 36
3 780 806 19
1 276 566 33
3 534 660 24
4 978 995 18
1 162 637 54
4 742 999 39
3 114 121 25
2 523 819 27
5 116 468 40
6 463 834 38
3 818 886 31
2 787 952 18
4 63 409 39
5 746 897 34
3 908 934 26
4 890 979 11
5 541 692 14
6 612 783 20
5 810 903 12
6 916 933 14
7 563 691 13
6 745 944 17
7 207 333 37
4 56 184 12
1 735 792 18
3 552 875 29
1 112 998 62
5 573 817 38
7 653 872 21
7 73 474 41
7 725 760 19
6 155 825 46
5 776 832 17
6 307 854 47
7 862 916 25
7 340 541 25
8 142 204 6
6 31 842 72
1 839 871 6
1 987 991 26
6 890 916 10
8 312 412 31
1 896 953 20
7 321 429 28
6 670 749 14
9 528 924 50
8 684 819 15
10 603 860 18
6 437 741 35
9 151 291 37
10 847 862 25
9 279 648 31
8 111 509 43
2 66 877 80
2 888 916 23
14 702 905 33
42 283 454 34
