150
4 904 959 87
1 692 921 83
6 446 887 69
6 411 974 34
5 838 861 82
4 933 960 94
1 40 75 93
3 156 964 20
2 410 482 94
6 164 698 62
1 208 443 80
4 131 535 71
1 215 917 26
6 396 645 54
5 9 478 40
1 176 284 87
2 416 647 69
2 196 571 72
7 216 554 49
6 918 945 69
7 26 257 77
7 284 868 49
5 765 820 74
2 270 750 61
1 575 775 78
6 802 900 73
1 285 775 39
6 445 564 90
2 517 733 73
5 804 844 82
7 168 361 79
5 604 664 78
3 438 735 75
7 235 765 58
3 719 839 74
3 319 496 74
3 863 994 85
7 732 821 78
6 773 861 91
2 579 766 83
3 473 658 59
1 953 967 73
6 429 753 48
4 101 107 87
7 783 994 82
1 122 849 46
5 547 822 65
6 566 814 76
4 44 218 59
5 947 958 86
3 71 450 46
7 163 842 45
2 507 643 78
6 775 875 81
6 66 757 40
4 709 870 88
6 790 806 99
7 332 878 36
5 293 603 57
3 577 680 76
7 169 291 78
6 392 751 74
1 826 906 89
3 996 999 82
3 562 784 72
5 10 242 73
6 400 732 60
8 746 836 92
4 861 994 81
1 231 934 36
2 216 737 51
7 541 835 79
8 968 989 69
8 248 614 51
6 403 986 44
1 967 996 81
5 661 845 66
4 224 589 48
5 676 868 81
1 130 739 48
2 937 975 79
6 487 981 48
8 597 859 76
5 697 870 65
9 396 858 44
4 616 944 51
2 435 991 47
1 117 306 77
2 212 889 31
9 601 846 66
9 555 905 47
4 107 746 44
4 145 350 64
1 837 869 80
9 146 387 80
3 979 994 77
1 630 759 87
7 605 938 76
10 806 930 90
11 506 818 53
5 468 934 51
3 89 279 73
11 345 917 47
4 804 983 71
9 588 963 69
11 932 962 98
4 246 639 65
1 683 853 72
8 694 843 84
1 131 150 82
11 445 622 83
2 273 878 51
10 712 1000 74
3 555 891 62
10 621 631 75
4 677 876 84
8 550 610 76
9 213 771 56
13 453 592 76
6 25 990 19
4 222 539 54
2 720 856 76
7 756 830 83
6 834 982 66
2 506 598 80
4 358 468 81
13 136 288 72
1 874 939 76
16 527 552 74
16 842 900 86
6 686 788 86
15 415 910 56
16 472 539 80
16 212 426 61
9 985 998 71
15 263 923 37
5 326 395 93
13 357 388 92
12 325 541 63
13 83 292 64
4 796 999 78
13 92 708 28
20 949 985 89
7 578 838 78
1 520 682 65
3 356 661 63
29 523 970 44
38 19 568 39
33 508 759 71
78 446 966 65
