200
5 2 567 44
3 46 753 67
1 525 734 24
3 84 307 26
3 860 984 12
1 153 638 40
1 172 937 82
2 575 749 13
2 877 880 8
3 366 917 60
5 867 996 17
1 792 950 15
2 2 655 57
4 766 914 38
4 179 611 43
3 287 442 25
2 878 884 4
4 462 994 64
1 107 652 50
5 985 994 4
1 493 822 37
2 820 988 13
5 168 505 27
1 90 863 64
3 417 635 17
1 914 937 21
1 443 634 22
5 416 819 28
3 572 900 37
4 683 815 16
2 995 1000 19
4 433 904 50
3 134 193 23
1 892 979 24
2 454 749 32
5 911 952 26
4 281 631 32
2 734 790 5
5 142 599 59
4 203 994 56
3 334 828 42
5 126 244 32
4 52 562 61
2 908 933 10
4 616 805 20
2 334 535 39
3 316 630 31
3 51 997 66
2 596 810 36
5 350 972 60
2 599 701 10
2 830 894 11
3 927 941 8
4 525 633 35
4 794 974 21
1 66 258 27
2 301 527 34
3 305 522 23
5 185 543 46
2 76 671 54
2 82 157 26
2 479 784 22
2 493 912 38
2 960 988 10
3 222 918 61
2 957 989 30
3 581 851 46
1 167 664 34
1 728 742 17
1 707 751 31
5 274 732 48
5 376 937 52
6 776 798 28
1 641 758 26
6 387 459 9
4 600 851 30
5 135 305 28
6 574 996 50
2 828 945 16
4 136 364 23
5 614 797 39
5 982 994 5
2 288 315 13
6 839 874 26
6 946 1000 13
4 881 900 29
3 420 786 28
1 763 827 29
3 114 568 58
4 730 918 30
1 867 950 32
4 843 987 35
2 554 792 20
5 951 964 14
4 279 472 39
5 641 673 4
1 436 822 39
2 360 426 26
2 454 987 47
2 430 829 42
1 282 895 60
1 469 629 29
5 778 829 18
5 104 471 40
5 680 946 47
7 68 707 62
7 368 529 40
5 517 881 29
7 380 862 55
1 627 690 17
5 259 339 30
2 65 688 43
5 11 848 88
3 349 724 49
3 299 399 7
4 503 957 32
3 362 698 43
4 639 734 12
2 794 805 15
1 799 976 41
6 769 814 5
1 594 905 44
1 917 945 17
6 859 976 16
3 481 808 31
2 625 723 33
3 141 244 24
2 719 827 20
8 956 989 27
2 18 539 47
1 855 900 20
6 40 103 22
7 804 843 25
3 264 569 28
7 79 689 67
6 876 956 31
7 980 997 1
8 654 671 10
7 720 954 19
8 679 746 24
8 624 941 21
8 606 853 31
3 784 869 33
6 792 915 13
4 651 910 20
7 764 851 31
8 332 465 35
3 468 895 52
9 428 516 25
2 488 946 35
2 530 854 31
9 580 703 32
9 204 424 19
7 355 726 34
4 352 894 54
8 347 858 54
2 764 786 26
9 267 760 50
6 401 703 45
4 655 995 29
1 159 875 75
5 808 966 14
2 664 849 18
6 902 990 19
8 212 870 64
10 740 785 9
5 85 979 91
8 709 796 33
4 162 970 76
7 915 922 25
11 13 682 54
1 648 997 30
9 466 951 63
10 158 510 35
6 341 942 55
10 585 758 13
2 804 885 11
6 185 666 55
10 270 888 45
13 623 712 29
10 820 864 12
5 64 143 15
1 155 387 40
3 80 770 62
11 466 992 54
4 793 819 28
17 225 843 58
1 943 980 22
2 472 596 21
19 250 544 40
1 490 533 3
9 39 660 62
3 438 550 32
3 297 681 39
19 767 911 23
33 550 861 34
16 390 449 14
19 385 521 35
48 914 989 17
50 913 984 30
