350
2 913 930 17
1 137 933 84
2 450 514 7
1 377 396 29
1 76 253 32
2 5 131 36
2 320 962 64
1 721 950 27
1 959 992 2
1 18 857 58
1 326 910 55
2 640 822 30
1 327 540 16
1 78 928 63
2 226 291 5
1 334 680 43
1 783 881 8
1 510 873 30
1 752 759 3
1 437 949 52
2 82 542 40
1 12 912 67
1 691 865 41
2 443 447 21
2 874 920 22
1 255 649 53
1 1 658 74
1 482 742 47
2 865 893 20
2 203 652 44
1 309 562 47
2 632 802 26
3 87 458 55
3 453 848 53
2 18 826 76
1 783 834 30
1 24 927 92
1 587 981 42
1 60 878 77
3 557 931 38
1 982 997 18
1 752 831 15
2 656 713 22
2 161 573 44
3 163 329 27
1 263 353 33
3 770 847 19
2 284 715 46
3 146 945 64
3 404 913 45
2 647 938 31
1 164 712 52
2 209 524 23
1 931 985 6
2 179 633 42
1 952 953 17
2 595 869 32
1 241 361 19
1 352 937 67
1 960 994 14
1 550 931 55
3 993 996 14
2 777 845 6
2 704 939 21
1 914 978 33
3 670 707 5
3 846 952 18
1 639 781 32
1 888 947 30
2 332 617 37
2 2 375 26
3 382 867 42
1 386 905 53
3 730 952 33
2 801 830 15
1 32 465 43
1 448 717 27
1 130 665 51
1 925 988 22
2 563 990 31
3 905 975 10
1 542 780 36
2 113 592 51
3 233 791 38
3 652 803 34
1 479 926 44
1 86 841 77
3 604 840 25
3 16 243 41
2 900 970 6
3 255 748 61
1 748 852 10
3 135 538 51
3 914 994 25
1 798 811 23
3 540 723 21
3 108 764 52
3 196 943 79
1 471 910 32
1 841 872 12
1 560 733 12
3 3 710 60
1 560 563 23
3 596 612 13
1 686 868 23
1 438 997 61
1 174 297 18
3 952 963 6
3 757 937 30
2 291 846 40
2 978 987 17
3 821 902 17
3 344 732 36
1 387 975 49
3 910 940 27
2 980 1000 28
3 767 884 27
2 263 340 17
2 256 564 21
1 513 643 11
1 607 766 26
3 670 703 19
2 975 983 4
3 524 655 22
2 522 551 9
2 549 610 22
2 571 583 23
3 706 753 5
1 42 429 38
3 73 359 39
2 712 937 25
3 961 968 5
1 213 385 24
1 451 507 18
1 353 759 38
1 934 949 20
3 555 639 30
2 254 863 45
1 353 480 23
1 127 662 40
2 397 512 13
2 951 998 13
1 442 495 31
1 11 519 60
3 512 607 35
1 411 679 37
1 785 988 19
2 647 833 26
1 517 540 20
3 933 981 18
3 420 429 11
1 703 999 27
1 425 937 64
2 911 947 20
3 22 744 67
3 109 209 16
3 372 979 55
1 251 396 15
2 988 990 29
1 517 589 18
1 639 824 39
2 418 456 22
1 788 843 32
1 630 920 22
3 698 909 22
1 838 987 15
1 934 970 17
1 506 531 9
1 741 877 11
3 464 720 26
3 535 954 44
3 100 245 22
3 849 940 24
2 784 913 20
2 830 934 23
2 630 989 53
2 977 988 15
2 70 198 30
1 234 986 63
1 355 401 28
3 792 920 32
3 509 641 12
2 929 978 21
1 904 974 29
1 862 878 29
2 842 988 14
3 989 993 6
2 457 528 14
4 532 745 18
2 435 714 25
3 289 400 27
1 381 821 51
2 15 488 36
3 165 213 26
1 635 889 42
4 867 926 15
1 791 938 31
2 638 821 41
2 16 956 83
2 210 415 20
1 514 713 26
1 268 696 52
4 372 382 22
2 809 993 36
1 264 859 44
2 237 572 33
3 674 942 46
2 410 649 38
2 991 994 10
2 844 921 10
1 339 745 30
4 763 784 5
2 43 643 69
3 557 781 42
4 289 303 16
4 317 795 61
2 918 991 20
3 830 967 12
3 245 807 59
3 807 895 7
4 626 801 28
3 294 482 30
2 761 934 29
4 664 770 30
2 333 847 48
4 81 450 29
3 81 126 25
3 820 1000 22
2 554 864 23
1 525 740 37
3 302 881 49
4 175 782 58
1 71 864 79
4 529 912 53
3 334 596 37
4 93 344 36
4 906 1000 14
2 47 708 62
4 995 1000 20
4 591 806 36
1 549 850 33
4 549 565 8
3 511 956 40
3 281 444 24
3 144 949 58
1 477 538 25
4 485 679 31
4 901 958 31
1 457 823 49
4 781 794 19
2 252 485 20
1 204 540 39
3 627 886 33
3 436 653 30
2 239 718 52
3 663 837 32
1 383 685 26
2 746 847 22
4 639 788 17
3 844 953 7
4 269 703 35
5 418 534 24
4 826 914 23
2 442 722 36
2 783 798 16
1 366 700 36
2 900 980 12
4 702 934 27
3 292 324 9
2 261 377 10
5 542 812 23
5 578 608 10
2 689 703 7
4 512 520 22
4 519 603 33
4 19 950 89
2 608 904 42
3 703 902 15
3 124 206 19
5 468 779 51
2 472 714 24
2 221 702 63
2 652 907 24
5 207 691 34
3 977 980 1
1 308 334 20
6 541 877 30
6 665 851 35
6 896 940 11
1 720 1000 22
4 49 749 76
4 871 940 7
1 154 930 72
3 965 980 21
4 147 578 52
3 694 773 15
3 355 397 32
2 284 999 78
2 328 785 36
2 308 580 42
4 396 582 31
2 184 351 30
6 250 293 23
5 929 936 28
2 518 751 37
2 910 971 27
1 507 508 0
6 435 520 30
7 988 998 8
3 779 904 18
6 806 933 23
5 166 287 22
6 398 898 46
7 196 728 59
6 699 842 32
1 451 609 25
1 360 733 36
3 45 384 44
7 964 977 3
6 806 898 23
4 605 670 29
5 761 992 45
7 952 967 10
8 376 825 33
1 122 407 32
2 371 845 38
2 121 344 45
3 874 964 31
9 68 964 81
6 241 280 5
5 595 677 5
5 639 669 4
4 430 762 34
9 152 819 70
5 167 932 67
10 266 994 76
11 975 997 18
12 5 885 77
12 867 975 33
9 585 957 35
11 28 851 70
3 947 994 6
7 949 972 11
1 665 817 12
17 341 899 59
13 925 993 18
5 85 242 32
8 292 655 32
29 315 696 36
31 846 952 27
