250
1 68 726 58
2 365 913 63
4 474 506 25
3 140 702 57
3 969 989 5
1 610 774 11
4 936 972 9
3 783 811 23
3 39 215 33
4 53 878 76
3 52 824 54
1 179 244 32
4 276 967 51
1 406 606 36
2 631 983 37
1 17 352 38
1 279 487 39
3 199 529 41
3 591 670 19
2 877 973 32
4 64 541 51
1 640 843 36
3 364 814 54
3 410 984 56
4 966 973 12
2 654 668 23
1 820 989 35
3 413 769 25
2 39 917 63
4 646 694 21
1 656 821 19
4 670 847 39
3 225 246 22
2 211 1000 60
3 917 942 5
4 742 985 42
4 623 882 31
1 494 724 33
4 915 942 29
2 935 981 13
3 42 578 54
3 189 437 17
4 467 911 42
3 876 896 15
2 7 859 85
3 987 999 6
4 196 841 73
1 49 216 40
3 23 951 85
2 442 568 19
3 792 911 27
4 292 501 19
3 148 812 56
3 98 259 36
1 376 911 41
3 298 899 70
2 35 479 38
1 567 619 30
1 834 922 33
3 568 727 14
4 973 977 21
1 929 992 20
2 807 991 23
1 737 840 30
1 393 560 19
1 888 902 14
1 663 675 15
2 655 940 23
1 472 557 33
2 438 682 29
3 606 844 30
3 154 467 41
1 70 135 10
1 956 960 27
1 240 647 44
1 71 218 29
3 598 725 18
1 924 941 28
3 830 984 30
3 85 862 67
1 59 488 47
1 897 945 12
3 702 949 29
1 108 256 19
1 229 290 9
3 714 789 33
3 989 993 5
2 618 805 21
4 168 301 30
4 879 895 18
1 179 454 47
1 88 479 33
1 114 303 37
2 188 514 42
5 857 917 5
3 159 468 24
2 190 827 68
4 441 725 28
2 829 939 19
2 962 966 26
2 35 854 75
4 388 929 44
3 345 359 14
2 939 955 16
4 667 684 20
3 225 598 42
4 873 951 6
1 372 455 6
1 409 849 43
2 286 646 47
4 564 869 36
4 657 740 15
2 159 830 60
1 470 612 32
2 598 926 45
2 704 849 36
5 253 514 31
3 749 995 29
1 349 657 42
1 887 964 27
2 587 745 12
5 551 642 14
4 61 121 26
1 924 996 5
5 485 662 22
5 784 838 29
5 753 779 18
1 541 580 27
5 388 456 30
1 603 985 55
2 354 483 14
1 701 863 32
1 582 725 33
3 355 916 66
1 635 658 25
3 144 180 5
2 988 990 11
5 583 591 23
3 138 717 58
2 855 948 21
1 919 951 9
1 391 671 41
5 527 627 8
5 125 667 48
5 258 372 34
5 125 795 72
1 865 964 9
4 822 922 16
4 376 600 18
5 92 204 20
2 642 787 38
6 858 948 7
6 550 924 48
3 399 523 24
4 827 931 11
2 609 623 13
4 215 999 68
1 638 653 5
5 796 929 28
4 728 818 10
1 190 846 58
5 650 712 22
2 500 595 18
6 730 840 19
4 558 778 23
6 565 935 44
3 680 885 15
1 518 608 36
2 725 956 39
3 671 753 34
1 419 490 5
3 373 662 45
6 440 978 66
4 257 508 27
5 826 981 21
6 847 926 19
1 594 922 32
7 905 961 5
4 974 997 19
7 515 763 34
7 198 650 37
5 314 349 27
4 611 703 19
1 18 761 59
4 681 804 37
1 201 459 30
5 509 660 19
6 797 906 24
5 738 834 24
7 152 776 47
7 378 775 51
1 310 975 52
6 987 999 3
1 699 782 31
7 787 822 19
1 552 916 38
6 234 835 44
3 912 974 10
3 579 611 20
5 792 850 15
4 401 922 46
5 255 647 34
4 687 773 20
2 878 915 9
8 918 969 4
4 28 636 47
7 978 996 20
2 817 985 23
1 275 747 58
9 269 309 28
5 946 951 24
6 150 644 42
6 913 993 23
8 706 761 30
9 88 380 27
8 273 571 42
4 853 875 13
3 352 511 13
1 331 501 29
7 71 652 59
9 331 635 33
8 21 341 25
8 725 792 28
9 178 459 35
4 562 996 40
7 215 888 56
10 636 946 42
4 445 680 41
11 984 999 1
1 734 905 13
6 115 169 26
7 173 914 71
2 260 546 48
13 672 844 17
3 946 996 27
2 171 653 42
12 974 996 21
11 438 974 50
13 741 905 24
4 269 630 26
11 199 919 64
4 595 623 2
14 413 885 33
14 627 940 43
18 82 101 11
18 801 960 32
13 787 937 10
21 234 485 17
24 747 947 31
35 941 988 2
