50
8 337 984 53
5 125 212 9
10 322 765 50
16 936 986 13
6 446 825 35
8 506 815 33
1 386 671 46
14 940 973 3
14 732 859 27
14 861 939 14
6 257 363 29
6 690 920 27
15 186 805 46
15 789 991 33
22 647 736 13
18 798 882 11
17 120 405 29
3 675 816 23
13 217 350 22
23 235 622 44
11 496 863 35
15 187 569 43
12 158 890 51
23 544 636 29
23 777 851 29
24 808 989 21
18 473 917 54
12 549 821 36
11 148 647 64
9 242 282 4
23 458 576 32
23 161 638 39
15 193 412 37
27 613 991 34
8 418 811 54
28 782 923 29
12 109 564 48
30 289 787 39
23 758 800 18
13 433 953 51
24 360 957 59
37 476 869 53
17 828 984 15
19 341 849 43
23 573 901 37
25 413 868 39
16 712 847 8
11 333 790 34
38 92 902 54
196 634 877 24
