150
3 0 3 2
1 0 1 1
4 0 2 5
4 0 3 4
1 0 1 2
8 0 2 5
2 0 2 2
6 0 2 4
5 0 4 3
6 0 5 2
5 3 5 2
7 30 2 3
6 27 3 4
1 75 2 1
3 11 2 4
6 40 4 2
8 64 5 2
4 61 4 2
4 23 2 2
6 66 3 4
2 1 4 2
7 1 1 2
4 39 4 4
3 74 2 3
3 9 5 4
5 43 2 3
3 37 4 3
2 14 2 5
5 26 2 5
2 28 3 5
1 19 2 5
7 13 2 3
7 49 4 3
4 38 2 3
6 34 5 3
8 19 4 4
2 44 3 1
3 47 2 2
5 44 2 1
6 8 1 4
4 36 3 2
6 30 4 2
3 63 2 2
7 41 3 2
7 22 2 3
5 52 2 2
1 13 4 2
5 9 3 4
3 73 5 5
6 19 2 2
5 50 1 4
2 16 2 3
3 35 2 3
3 40 2 1
2 63 2 2
3 62 4 5
2 55 2 4
5 30 3 4
5 57 2 4
6 56 2 1
6 27 1 1
3 11 4 3
7 19 4 4
6 18 2 3
6 4 3 3
2 69 4 3
3 31 5 3
4 66 2 4
7 75 3 3
4 41 2 5
1 12 2 2
7 72 1 3
7 63 4 4
5 51 3 2
4 70 3 4
7 6 2 4
7 0 2 2
2 56 3 3
8 54 1 5
7 36 5 1
3 47 4 3
3 62 3 4
8 74 5 3
5 29 4 2
2 59 2 3
2 11 4 1
5 11 2 4
1 29 3 4
2 38 4 1
7 53 5 3
5 25 5 4
2 46 4 3
7 8 5 4
7 4 1 2
7 35 4 2
8 2 4 1
7 22 2 1
2 66 4 2
4 20 2 3
1 54 5 2
5 8 2 4
1 20 2 5
6 47 2 3
8 20 2 3
8 51 4 1
5 38 3 3
1 31 1 2
2 64 2 5
6 71 5 4
2 19 5 5
2 4 2 3
3 56 1 3
6 34 2 3
5 16 4 3
2 32 4 3
5 9 4 4
2 72 4 4
2 11 2 3
3 4 5 1
2 68 2 5
7 31 4 5
4 74 1 3
8 26 3 3
3 53 3 3
2 16 2 2
4 57 1 4
3 9 4 2
7 1 4 4
6 67 4 3
2 38 3 3
5 57 3 4
8 24 2 3
7 4 3 3
1 23 2 3
3 10 3 2
2 54 1 2
8 19 4 5
2 61 2 4
8 11 1 5
2 62 2 3
6 10 5 3
5 58 5 5
5 20 4 2
3 23 4 3
3 61 3 5
6 25 2 4
2 51 3 4
7 33 3 4
1 54 3 4
2 15 3 5
