300
8 0 5 4
4 0 5 2
4 0 4 2
6 0 4 2
5 0 2 5
3 0 1 4
6 0 3 3
2 0 1 3
3 0 4 3
2 0 4 4
4 144 2 3
4 54 3 2
2 59 2 2
4 137 3 4
4 123 1 2
3 137 4 1
6 134 1 2
5 58 4 3
6 67 2 4
1 21 1 1
2 65 4 4
7 28 3 1
8 34 4 1
5 139 5 4
4 145 5 3
2 131 5 2
3 149 5 3
3 10 3 2
7 89 4 2
4 68 2 4
3 17 4 3
6 94 4 3
4 1 5 4
4 25 3 2
2 107 2 4
4 147 5 3
5 134 5 1
1 144 3 3
2 31 2 4
3 119 2 4
2 40 4 4
7 93 1 3
3 1 2 1
7 94 1 4
3 91 2 2
3 58 5 5
3 43 3 3
5 79 2 3
8 54 2 4
1 99 1 2
5 1 1 5
7 11 4 2
4 95 3 3
3 105 4 3
3 148 5 3
1 131 4 1
6 5 1 4
4 10 1 1
3 8 4 4
7 59 4 1
7 40 1 2
6 37 2 3
3 124 4 4
7 90 3 2
4 50 2 3
1 120 2 1
4 150 4 2
5 99 3 2
7 147 4 3
2 25 4 4
8 5 4 4
7 103 2 1
5 17 5 2
2 49 3 4
5 115 5 2
3 21 2 4
6 52 2 3
5 18 4 4
2 56 1 3
6 59 2 3
6 136 4 5
3 142 4 4
2 19 3 2
2 113 4 4
2 124 5 4
3 34 3 2
2 19 5 4
7 49 1 4
7 22 5 2
4 86 3 4
2 95 1 2
7 138 4 1
4 3 3 4
6 51 1 3
5 99 3 3
2 61 4 1
6 16 1 1
3 23 3 1
1 74 2 2
7 113 2 2
3 137 2 2
5 5 2 4
5 85 3 3
8 147 2 3
3 52 3 1
7 144 2 5
5 76 1 1
3 57 5 2
5 55 4 2
2 29 5 2
4 101 1 2
6 11 3 4
5 127 2 4
5 9 4 2
8 77 3 1
5 124 1 5
2 148 4 4
7 36 2 3
3 59 5 4
1 86 2 4
5 77 1 1
3 51 3 2
5 110 3 2
5 94 4 3
7 101 1 3
3 81 1 5
4 106 2 2
7 66 5 4
4 69 1 3
4 107 1 5
6 58 3 4
2 96 1 5
3 127 2 3
3 1 1 4
7 16 1 3
7 108 5 1
2 9 3 4
2 42 3 2
8 131 4 4
5 147 2 4
1 67 1 1
1 24 2 2
6 75 1 5
5 21 4 2
4 135 4 3
7 57 1 3
3 8 4 4
2 38 5 3
6 21 5 5
7 49 5 4
3 73 2 2
7 21 2 2
1 100 2 3
7 145 3 3
6 56 2 1
6 135 1 2
7 66 2 1
1 71 2 1
7 120 3 2
7 133 4 1
2 107 2 3
2 148 4 4
4 98 3 3
3 43 3 3
7 23 2 4
4 88 3 3
6 7 3 1
6 122 5 4
2 82 5 2
1 15 3 1
8 116 2 4
6 54 4 5
7 42 2 3
6 104 5 1
3 38 3 3
2 19 4 4
6 9 3 4
6 46 1 3
5 100 3 2
3 57 4 2
1 122 1 4
2 85 3 1
1 22 5 1
8 21 2 2
7 75 2 2
3 116 4 4
2 79 2 5
4 108 4 3
5 78 4 3
6 82 1 4
6 115 4 4
1 39 5 1
5 136 5 4
7 70 5 3
5 2 2 3
4 63 4 3
2 135 2 5
5 119 3 3
5 31 2 2
5 76 2 3
8 15 1 1
8 52 4 3
2 143 1 1
3 68 1 2
6 145 3 4
6 67 3 2
7 49 4 1
4 23 4 4
5 122 3 3
2 46 4 3
6 18 1 4
1 10 2 4
6 65 2 2
2 133 2 4
4 140 2 4
7 46 4 3
7 40 4 5
5 82 3 4
4 26 1 1
2 95 4 4
2 59 4 4
3 139 2 5
7 50 3 4
2 2 4 3
3 62 5 1
2 63 3 2
4 39 2 1
7 14 4 1
5 1 1 5
7 50 3 5
5 126 2 3
8 77 2 4
7 24 3 3
1 83 4 4
6 134 3 4
8 108 4 2
6 29 3 5
4 8 3 4
3 17 3 4
2 148 4 4
2 107 3 2
3 127 3 2
6 135 4 1
8 52 4 3
6 53 2 2
2 32 2 5
5 135 1 2
4 123 3 3
4 8 4 2
7 21 2 1
5 112 5 3
5 15 2 5
5 5 2 5
6 124 3 1
6 106 1 1
7 17 3 4
7 137 4 4
7 72 5 2
5 4 5 1
6 142 3 2
8 113 5 4
6 134 5 3
3 68 4 5
3 99 3 3
5 150 3 1
4 11 2 3
7 10 1 1
6 68 5 4
2 83 4 2
8 80 2 2
3 17 3 4
2 46 2 2
1 29 5 1
3 68 5 3
6 128 3 2
3 35 4 4
3 141 3 4
6 117 2 3
4 62 4 2
4 15 3 4
5 29 2 2
3 38 4 1
4 28 2 4
5 145 5 2
4 21 5 2
3 68 3 1
2 49 3 3
2 90 1 4
6 121 4 4
4 118 3 5
5 84 2 5
8 39 3 1
1 96 2 4
3 55 2 3
2 128 5 2
8 132 2 1
4 88 4 3
3 50 2 3
5 2 5 3
5 1 3 4
