400
4 0 3 2
3 0 1 4
8 0 4 1
5 0 3 4
5 0 5 4
8 0 4 4
2 0 4 4
6 0 4 2
4 0 1 4
4 0 4 1
2 65 3 4
6 72 2 1
7 104 2 2
4 68 1 3
4 142 2 3
6 14 3 3
5 51 4 5
3 54 4 3
6 188 3 1
7 62 4 4
1 136 5 3
6 128 4 4
2 45 4 1
6 12 1 4
8 40 2 2
7 94 3 1
3 95 3 3
2 167 2 2
4 70 4 3
1 85 4 3
2 150 4 1
8 41 4 4
4 96 4 1
2 120 4 3
2 79 2 2
2 117 5 4
2 4 3 4
4 130 2 2
5 197 4 4
3 198 4 5
5 26 5 2
4 119 2 4
5 39 3 1
5 186 5 5
2 123 3 2
1 76 3 3
7 103 2 5
3 15 2 3
5 34 4 2
5 163 4 2
8 199 3 2
2 83 5 2
6 185 4 5
1 158 2 3
5 66 5 4
3 49 4 5
2 2 1 4
8 122 5 5
2 182 5 4
8 175 4 4
7 162 2 4
4 6 4 5
6 108 5 4
7 68 4 4
6 14 3 3
1 146 5 4
3 146 4 2
6 66 3 2
1 52 4 5
3 60 3 4
3 180 2 3
7 159 4 3
4 37 3 3
5 78 4 4
3 140 2 2
6 118 3 4
2 146 4 5
5 0 5 4
3 127 4 3
1 99 5 2
2 28 3 2
5 112 4 5
3 123 2 3
6 143 5 3
8 112 4 3
8 12 4 5
7 181 1 3
2 197 4 2
2 168 4 1
4 194 3 3
6 123 4 4
2 149 2 3
6 39 4 5
4 83 1 3
7 158 4 4
5 103 5 5
8 119 2 4
3 105 5 3
3 57 3 5
8 34 4 4
1 59 3 4
4 35 4 2
7 69 4 5
5 196 2 4
6 51 4 3
3 131 3 5
2 129 2 2
3 17 3 2
2 166 4 5
4 48 3 3
3 184 4 3
4 6 1 3
6 5 3 3
6 97 2 5
3 87 4 4
6 43 3 3
5 141 2 4
6 15 5 5
5 191 1 2
4 104 2 4
7 51 3 4
2 200 4 5
4 197 1 4
1 129 3 5
3 180 4 1
1 60 3 3
4 177 1 3
8 142 4 4
1 30 1 1
3 131 1 5
2 18 5 2
8 169 3 3
4 42 1 2
8 190 4 2
2 148 4 1
6 195 4 5
4 28 2 3
2 13 5 2
6 37 5 1
3 106 5 3
6 130 2 1
3 195 3 2
3 89 4 5
3 151 2 3
5 76 5 4
2 138 5 2
2 81 4 1
8 11 2 3
4 6 1 2
4 120 4 2
3 2 4 5
2 112 1 3
6 28 4 1
2 91 4 3
8 53 4 2
5 17 4 2
7 36 3 3
3 117 3 3
4 37 3 1
5 103 2 4
4 36 1 2
7 179 1 1
5 48 2 2
4 58 4 1
8 83 2 2
7 98 4 5
4 99 1 3
6 151 1 3
5 54 4 4
8 117 3 4
2 190 4 4
3 64 2 3
7 79 1 4
7 48 4 2
1 140 3 3
6 8 5 4
8 4 1 2
3 157 2 2
5 95 2 5
8 66 1 3
7 68 2 2
5 89 4 4
5 176 3 3
2 58 4 3
1 192 4 3
2 93 2 4
2 121 4 3
5 182 5 2
3 127 1 3
6 91 2 3
2 178 3 1
6 74 4 1
6 10 2 2
4 196 2 3
5 51 3 5
4 175 5 4
7 10 3 3
5 155 3 1
7 94 2 2
4 140 3 4
4 33 3 1
3 46 3 3
1 38 3 3
3 30 4 5
7 78 3 4
5 120 3 5
6 16 5 4
7 160 1 5
3 43 4 1
7 186 2 5
7 88 1 1
3 0 5 4
5 91 4 3
2 100 1 2
4 160 2 5
3 96 5 4
2 123 4 2
7 185 2 4
7 182 2 1
4 87 2 4
7 185 5 3
6 159 5 4
7 141 4 2
4 176 2 4
6 26 4 4
7 80 4 3
4 8 1 1
7 22 4 4
6 133 2 5
6 114 2 1
4 159 2 5
5 123 4 2
7 71 3 2
5 30 1 1
6 115 4 1
8 177 2 1
5 174 2 4
3 75 4 5
6 104 4 2
4 70 3 4
6 71 3 2
2 148 3 3
1 151 2 4
5 16 5 2
7 9 1 2
7 43 2 3
2 81 1 3
3 200 4 3
2 121 3 3
4 124 5 5
5 80 2 1
2 104 2 5
6 189 2 2
4 73 4 3
1 59 4 5
3 20 1 4
8 45 3 1
5 92 4 4
3 141 2 2
4 199 3 5
3 51 2 3
1 170 4 4
6 67 4 4
4 135 2 2
6 132 5 1
3 190 2 5
4 48 5 3
2 48 3 3
1 107 1 2
7 157 3 1
6 182 4 3
2 100 2 5
7 122 4 5
8 29 2 5
2 127 1 2
2 149 2 3
4 158 2 4
2 106 2 4
5 38 2 2
3 22 1 5
7 68 2 3
3 124 4 3
6 148 3 4
4 38 2 5
4 45 4 3
7 49 3 3
4 88 3 1
5 103 1 4
2 165 2 1
7 134 5 4
2 22 4 4
4 3 4 3
2 60 4 4
2 102 4 4
6 119 5 5
5 117 3 2
3 114 4 1
6 137 5 1
5 21 3 4
3 96 4 4
2 116 5 2
5 70 3 4
4 157 4 4
4 119 4 3
8 143 4 2
4 134 2 5
6 17 3 1
6 113 5 4
3 120 2 5
4 81 4 3
7 171 5 2
3 14 2 1
4 151 4 1
8 126 2 5
2 73 1 4
4 86 1 5
2 154 3 3
3 7 5 2
7 108 2 3
2 193 1 4
3 21 2 5
6 167 4 2
7 179 3 2
4 166 4 1
4 7 4 4
6 186 4 2
6 85 3 3
3 36 2 3
5 150 2 4
2 165 2 1
4 141 4 2
7 139 4 2
4 148 3 3
1 104 4 4
4 102 3 4
5 113 3 2
8 64 4 3
6 144 2 3
4 188 5 4
4 96 3 2
6 72 1 2
3 50 4 3
7 163 4 1
3 8 3 4
7 147 2 5
1 174 3 4
3 169 3 2
4 31 1 3
3 157 3 4
4 143 3 5
2 129 4 5
8 87 2 4
7 140 2 5
5 52 3 2
5 144 2 2
3 11 3 4
8 61 3 4
2 148 2 4
2 182 1 2
3 182 1 1
5 190 3 2
1 140 2 3
3 85 3 4
3 117 2 1
6 103 2 4
6 23 4 3
5 84 1 1
7 121 2 5
3 169 2 1
4 161 4 2
4 157 3 3
4 162 5 4
1 67 2 2
1 39 4 5
5 74 5 4
3 61 2 3
1 122 4 3
7 71 4 1
2 46 5 2
4 185 1 4
6 131 1 3
8 113 2 4
7 38 4 1
7 69 4 2
3 124 4 2
8 146 2 1
6 119 3 2
8 135 1 4
5 40 2 4
5 158 4 5
8 128 5 5
2 154 5 4
5 84 3 4
6 168 4 2
7 108 3 2
4 12 3 2
2 188 3 4
4 184 4 3
3 64 1 4
3 41 5 4
