350
2 0 3 5
8 0 4 1
2 0 4 4
4 0 3 2
1 0 4 5
2 0 3 3
8 0 2 3
5 0 2 2
2 0 3 2
4 0 3 4
4 119 4 4
7 35 3 2
6 60 3 1
6 104 3 2
7 106 5 3
1 69 3 2
2 6 3 4
7 109 1 1
2 111 1 1
4 8 2 3
4 139 2 2
1 26 2 4
7 45 3 2
6 113 3 5
6 107 5 4
7 37 3 1
2 167 1 3
4 141 5 2
6 54 4 2
3 94 2 4
5 151 4 1
5 151 3 5
3 44 3 4
4 171 4 3
3 129 3 4
6 27 1 2
1 3 1 2
7 174 1 3
3 158 3 2
3 31 4 3
8 50 3 2
6 24 5 2
7 99 5 2
6 139 3 5
8 49 1 2
6 117 4 4
5 154 5 5
7 91 5 1
3 108 5 3
4 26 1 4
1 123 3 1
5 17 5 5
3 39 3 3
5 145 1 3
4 17 4 2
4 62 3 4
3 105 3 5
8 121 1 3
2 135 4 4
7 143 2 5
4 110 3 2
5 169 5 1
2 77 2 3
4 84 3 1
1 71 1 1
6 152 5 3
4 26 3 2
3 118 2 2
7 170 3 2
3 102 5 3
8 30 1 2
4 174 5 5
3 167 3 5
1 29 1 5
4 47 3 3
3 92 1 2
6 2 3 3
7 89 3 2
6 29 2 3
7 131 4 5
8 78 4 2
2 55 1 1
5 134 2 3
4 71 4 3
7 92 5 1
5 17 5 4
5 66 4 4
6 167 2 1
7 155 3 5
3 154 3 5
7 164 4 3
4 150 1 4
3 48 3 5
6 41 5 2
6 90 4 4
4 99 1 1
8 35 3 1
5 126 3 4
6 18 5 4
4 78 4 3
5 87 2 2
7 93 3 5
6 46 2 2
5 49 5 2
3 13 5 1
8 142 3 3
2 125 1 3
3 127 3 2
4 127 5 2
2 138 2 4
7 100 2 3
4 79 1 5
6 52 1 3
2 161 3 5
6 134 2 1
4 68 2 5
3 72 2 3
8 114 2 1
3 67 3 2
6 134 1 3
6 59 5 2
6 12 2 4
8 35 1 4
4 32 3 2
5 91 3 4
6 64 1 2
3 156 3 2
7 69 2 3
1 154 2 2
7 118 4 5
4 127 4 2
5 106 3 5
7 127 4 5
3 33 2 4
8 97 2 2
2 57 3 2
2 65 3 2
4 174 1 3
2 136 2 3
3 11 2 4
5 144 1 1
3 72 4 3
5 69 1 3
6 31 1 3
7 169 3 3
5 25 1 2
6 166 4 5
7 20 3 5
7 60 5 2
4 126 4 3
5 152 1 1
6 143 4 4
5 73 2 4
7 149 3 5
5 5 4 1
6 103 4 3
5 66 4 2
6 66 3 3
7 122 1 2
7 78 2 4
5 67 3 3
5 4 1 2
2 31 5 2
2 143 1 5
7 30 3 1
7 116 1 4
7 26 2 4
7 34 4 3
6 135 5 1
2 79 4 4
2 6 3 4
2 75 4 4
8 14 3 1
6 97 4 4
3 135 5 4
4 93 2 2
6 168 3 1
8 127 2 1
8 73 4 2
7 23 2 4
6 144 3 2
5 132 2 3
8 4 5 3
6 8 3 4
2 11 5 4
3 77 4 3
1 171 3 4
6 107 4 4
6 174 1 5
5 157 3 1
1 58 3 1
3 114 3 5
2 152 2 2
1 125 3 1
4 37 4 3
4 146 2 4
8 6 3 5
2 121 3 5
3 23 3 3
6 39 5 4
3 20 1 2
4 39 5 3
4 159 4 4
3 14 2 3
7 48 3 4
4 40 1 3
4 26 1 2
2 65 4 3
2 76 3 2
7 157 4 5
2 46 5 2
4 109 3 2
4 140 4 3
7 67 5 5
7 164 2 3
2 151 4 4
6 71 3 1
3 67 4 1
4 65 3 4
7 169 5 3
1 105 2 2
3 134 2 2
8 175 1 3
2 69 3 3
6 169 4 5
8 152 2 4
5 88 2 2
4 141 5 3
8 67 3 3
7 17 2 2
6 53 5 1
3 157 5 4
7 75 4 3
2 133 4 5
8 60 4 3
7 113 2 2
7 134 3 3
2 52 3 4
7 82 2 1
3 19 2 4
2 118 2 4
5 139 5 3
7 71 2 4
7 113 2 2
7 157 2 3
2 18 2 2
5 122 3 3
5 24 3 2
6 136 5 2
3 59 3 2
4 73 1 5
4 108 4 3
7 74 4 4
4 61 4 2
3 147 4 4
7 43 5 2
4 104 5 1
8 148 1 3
5 17 3 1
5 114 2 2
8 100 1 5
3 83 4 3
3 109 1 5
1 86 2 2
5 23 2 4
3 142 2 1
3 2 2 3
5 38 4 4
6 68 3 3
4 87 2 3
8 104 2 4
7 7 4 3
5 71 3 2
2 106 4 4
7 111 2 1
5 31 1 2
4 14 2 5
4 147 5 2
2 81 2 3
8 158 2 1
1 168 4 4
5 152 2 4
3 30 4 5
4 35 5 2
3 120 2 3
2 141 2 4
4 50 3 2
8 135 5 1
4 145 3 2
2 110 1 2
7 99 5 3
2 140 1 3
1 2 4 4
1 118 2 2
4 133 5 5
6 116 4 3
2 145 4 4
3 124 1 3
4 46 1 3
2 52 1 3
6 132 5 2
8 171 3 1
6 51 4 1
8 140 2 3
3 116 1 2
7 74 2 4
2 73 5 5
7 94 3 4
4 167 3 2
8 149 2 4
3 156 2 1
3 49 1 5
6 79 2 3
4 106 4 4
2 124 2 4
8 56 4 5
2 27 2 2
7 122 3 3
2 74 1 4
4 60 2 3
3 87 2 4
2 91 3 2
5 93 2 4
3 111 3 2
7 35 3 4
5 108 2 4
7 36 2 1
1 131 2 3
2 53 5 3
5 83 3 1
3 136 5 1
2 38 4 3
2 127 2 4
2 90 2 2
2 165 1 4
6 145 1 2
5 79 3 5
5 30 4 2
3 112 2 2
6 146 4 2
5 160 4 4
2 93 2 2
7 104 3 4
2 62 2 2
2 154 5 3
8 141 2 3
2 151 3 5
1 77 3 3
3 62 3 3
6 170 2 5
