500
8 0 1 1
5 0 3 2
2 0 2 4
1 0 4 5
4 0 4 1
5 0 5 3
4 0 5 4
7 0 4 3
3 0 4 3
3 0 3 2
4 7 2 3
2 130 1 3
2 19 4 4
2 208 4 2
7 62 5 5
7 177 5 5
4 180 5 2
5 7 5 5
8 118 1 2
2 143 4 2
8 43 4 2
6 43 3 1
7 107 1 2
2 94 2 2
1 91 3 1
6 161 3 4
3 23 4 3
5 66 3 2
3 63 3 4
2 211 5 1
5 87 1 4
7 247 3 4
7 132 1 3
4 38 3 3
8 79 1 3
6 210 3 4
7 224 4 2
3 190 3 3
8 193 1 3
4 176 2 4
3 86 3 4
3 177 2 4
7 149 3 3
6 177 3 3
7 170 3 2
4 62 3 5
3 21 4 5
2 120 3 4
6 136 3 5
3 17 1 4
2 21 4 3
3 249 4 3
1 204 4 5
3 27 2 3
4 207 2 2
6 222 5 2
7 221 3 4
6 195 3 2
8 54 3 3
3 69 5 3
5 15 3 1
1 155 4 5
4 225 1 2
6 209 2 3
5 78 1 4
7 79 2 5
2 118 5 1
6 240 3 5
2 7 4 3
3 120 4 3
8 96 4 3
5 246 3 1
6 209 3 3
5 42 4 5
2 181 3 3
5 97 4 4
4 65 4 5
6 124 5 2
5 244 2 2
2 15 2 4
4 176 1 3
4 149 4 2
6 69 1 3
7 220 4 1
5 124 5 3
2 246 4 3
4 57 2 4
7 24 4 5
6 148 2 2
3 203 2 1
4 85 4 2
7 198 2 3
2 62 1 5
4 23 3 5
5 17 4 4
1 173 3 3
8 134 1 3
7 178 2 1
2 35 3 4
7 70 2 4
3 34 3 2
5 218 2 2
6 149 2 4
4 247 4 3
4 3 5 4
5 79 1 4
4 112 1 3
7 232 5 4
2 247 4 5
4 127 1 2
7 217 3 2
1 125 3 2
5 138 4 3
3 31 1 2
7 199 3 3
3 244 3 2
6 92 2 2
2 246 5 3
3 9 3 1
6 161 2 1
2 72 5 1
4 250 5 2
3 188 3 2
3 233 3 1
5 26 5 2
6 102 4 3
2 166 4 4
5 160 4 2
1 140 2 1
3 183 4 4
3 217 1 2
7 187 3 5
2 189 2 3
6 212 3 2
1 178 4 1
5 34 5 4
4 87 4 1
6 116 3 1
7 5 4 4
5 240 3 3
2 14 4 3
6 97 1 2
3 202 2 3
7 221 3 4
1 171 1 4
3 195 4 4
3 54 3 2
7 176 4 3
7 50 3 4
8 46 5 3
1 161 4 3
7 137 2 4
4 21 3 3
1 10 2 3
5 6 1 4
6 150 4 1
7 121 2 5
5 171 4 3
7 88 4 3
3 113 5 2
7 239 1 4
8 82 1 2
4 104 3 4
2 89 5 4
4 177 3 5
6 110 4 3
4 206 3 1
1 13 4 4
4 142 4 2
7 168 4 1
8 28 3 3
6 22 2 3
6 86 1 1
4 13 1 4
4 248 3 3
3 141 1 4
1 126 4 2
7 13 5 2
4 210 2 3
5 228 4 3
7 52 4 2
5 22 3 2
4 247 2 3
7 79 1 2
2 234 1 3
7 48 3 4
4 192 4 2
7 194 4 4
3 211 2 2
8 126 2 1
6 236 2 5
3 66 1 4
5 132 4 2
7 51 2 3
5 114 5 1
3 45 2 3
2 152 3 5
2 72 1 3
7 237 3 1
6 88 4 2
6 233 4 2
7 48 4 2
8 83 2 1
8 59 1 2
1 98 2 3
5 143 1 1
7 134 2 3
7 158 4 4
4 200 3 4
6 234 3 2
6 135 4 2
5 1 5 5
5 46 4 3
6 1 4 2
2 192 2 2
6 239 4 2
5 27 3 3
8 106 1 4
1 12 3 1
4 135 1 3
7 247 3 1
5 43 4 5
3 129 3 3
2 66 5 3
3 67 4 3
2 165 4 2
2 240 2 3
6 236 1 3
7 87 5 2
5 206 1 2
3 133 4 3
4 100 4 3
5 15 5 1
3 46 2 5
5 235 1 3
2 63 3 3
2 157 4 1
1 55 5 2
5 75 2 3
1 249 4 1
2 42 4 4
6 182 3 4
6 162 3 2
6 204 2 1
3 212 3 4
5 172 4 4
7 40 1 3
3 122 2 5
3 226 4 3
1 213 5 3
3 185 4 3
3 157 2 2
5 79 3 4
2 62 2 4
3 121 3 3
5 138 4 3
4 7 2 1
3 196 2 5
1 209 3 4
7 211 3 1
4 224 3 5
6 220 4 1
1 148 4 3
5 162 5 4
4 213 1 3
7 100 3 2
1 68 4 2
5 39 2 4
7 88 3 4
5 151 1 4
7 9 4 5
3 113 1 1
6 13 1 2
5 188 3 5
2 12 1 2
6 207 4 2
4 55 3 2
4 134 2 3
7 107 1 4
6 62 4 4
8 141 2 2
8 78 5 3
4 229 4 4
6 170 4 2
7 182 2 2
2 201 2 5
6 29 5 3
1 25 3 4
2 188 2 1
1 227 2 4
2 9 3 4
6 100 2 5
4 156 3 3
6 213 1 2
7 141 4 2
5 242 3 2
2 119 4 2
1 48 3 4
6 17 1 2
2 107 2 1
2 141 5 3
4 152 2 3
4 17 4 3
2 22 5 2
6 144 4 3
5 131 1 2
4 84 4 5
2 1 5 1
3 88 3 3
5 98 2 2
1 180 4 3
2 62 5 2
8 236 3 4
3 57 3 4
1 128 2 4
6 63 2 3
2 21 4 4
1 172 2 2
4 220 3 1
3 185 3 2
5 137 4 2
4 207 4 2
1 124 1 3
4 120 3 2
8 61 2 4
7 143 4 3
4 161 4 2
7 23 1 4
2 138 2 4
8 209 4 4
3 155 2 2
7 83 4 1
6 153 4 3
2 60 2 3
2 194 4 2
2 222 4 3
5 31 1 3
7 226 5 3
6 96 4 1
1 97 4 2
7 85 4 4
8 198 3 4
8 195 1 2
6 4 4 3
7 194 2 3
2 164 4 3
3 218 3 3
7 129 3 1
3 211 4 5
2 184 3 4
7 110 2 2
6 184 2 5
8 45 5 4
3 78 4 3
4 56 4 1
2 220 2 4
2 44 1 3
1 115 2 1
2 211 2 1
6 42 1 3
5 65 2 1
5 227 4 3
7 151 5 2
8 193 2 2
2 15 1 3
6 99 5 1
4 138 4 5
7 21 3 5
4 211 2 2
6 181 1 3
5 245 2 3
8 50 3 4
2 83 3 5
2 219 1 2
5 204 3 4
4 9 3 4
8 149 2 5
3 182 4 3
3 212 4 5
1 72 2 3
5 209 2 4
5 183 5 4
2 102 3 2
3 110 4 3
5 138 2 3
8 171 2 1
6 17 5 3
6 213 1 3
7 184 3 5
3 213 1 1
6 41 5 4
3 62 4 4
5 158 2 3
5 162 5 5
8 98 3 2
3 83 2 3
5 198 2 5
3 185 3 3
8 244 4 3
7 3 5 2
6 98 5 1
5 231 4 3
7 90 2 4
2 0 3 4
6 107 1 5
1 220 4 4
7 171 3 4
6 80 3 4
5 172 2 3
4 147 3 4
3 37 4 3
7 236 4 3
2 228 1 3
3 143 4 2
5 187 3 4
2 51 5 2
6 19 4 3
2 18 4 2
6 101 3 3
5 85 2 2
1 32 3 3
6 196 2 5
3 224 5 3
5 135 2 3
7 157 4 2
6 87 1 5
3 89 4 2
2 51 4 2
4 248 1 2
5 113 4 4
6 202 4 4
5 25 3 5
3 52 5 4
8 54 2 3
7 197 4 5
5 93 4 2
2 39 5 3
4 80 2 2
6 121 4 5
5 52 3 2
2 34 3 2
4 12 5 1
6 114 2 1
1 3 5 5
3 23 4 5
7 206 3 4
8 140 4 4
2 169 4 4
4 215 3 2
4 117 5 3
7 116 3 2
2 27 5 1
8 194 3 1
2 149 2 1
6 211 3 2
2 131 3 2
2 76 1 4
8 108 1 5
3 84 5 3
4 160 5 4
5 202 2 5
3 169 1 2
3 247 3 4
5 132 3 2
5 191 3 3
7 59 1 5
2 112 3 3
5 88 1 4
7 47 3 5
3 227 2 2
3 232 4 1
7 68 1 3
1 201 2 3
6 161 4 4
3 188 3 2
6 128 5 3
3 205 4 3
7 203 2 4
3 191 3 4
8 233 5 4
4 247 1 4
4 178 4 2
2 231 4 3
7 53 5 2
3 220 4 4
1 184 2 4
6 166 4 5
3 250 3 5
1 148 2 5
4 169 4 2
2 135 3 4
8 85 4 4
3 146 2 3
8 51 3 4
8 103 4 4
8 87 1 5
5 124 4 3
2 48 5 1
2 109 3 4
8 133 2 1
