250
2 0 1 4
6 0 3 5
6 0 2 3
1 0 2 4
2 0 4 1
5 0 5 5
3 0 5 2
2 0 1 5
6 0 1 4
5 0 4 2
7 44 2 4
2 7 5 4
6 89 4 1
3 49 2 5
5 120 1 3
7 4 4 5
3 114 2 5
2 71 3 3
4 14 5 3
8 12 3 4
7 59 2 3
3 31 1 3
7 88 2 5
5 125 2 3
7 6 3 2
6 70 2 3
7 66 2 1
2 73 2 2
7 27 3 2
3 20 3 5
8 55 3 5
3 75 3 2
7 24 5 1
4 59 2 3
5 62 3 4
5 80 3 3
7 59 3 4
2 92 2 3
3 41 1 2
3 57 4 3
2 31 4 2
1 76 5 1
6 20 2 3
3 15 1 4
2 8 3 4
5 25 2 2
5 15 4 4
6 12 1 2
3 81 1 4
8 33 3 4
1 33 2 4
8 6 3 4
2 18 4 2
4 14 4 3
4 35 2 3
5 116 4 4
5 31 5 4
6 116 5 4
3 67 4 3
8 24 4 4
2 37 3 2
1 115 3 4
3 89 2 4
6 35 4 2
7 28 3 3
1 15 4 5
1 14 4 5
2 36 5 5
8 25 2 2
7 12 3 4
6 41 3 3
1 12 4 1
4 41 3 2
5 87 1 5
7 22 2 3
2 37 3 2
8 119 3 2
5 94 2 2
5 88 3 2
4 91 3 5
5 100 3 2
7 68 1 2
5 116 5 4
6 29 2 3
6 79 4 5
7 114 2 4
7 90 3 3
1 87 2 3
7 34 1 5
5 26 5 4
5 90 4 4
8 118 1 5
7 48 3 4
2 54 4 1
5 92 3 1
5 67 3 2
6 69 5 2
7 72 3 2
7 77 1 2
5 81 1 2
2 31 2 3
4 117 1 3
6 5 4 3
2 26 3 4
3 53 5 5
4 27 3 4
5 19 5 5
3 45 3 4
5 79 2 5
4 3 3 4
7 72 3 2
3 101 3 1
1 106 3 4
7 123 2 1
5 22 3 4
6 55 5 3
4 73 5 2
5 48 2 3
5 29 2 3
6 91 2 2
2 95 5 1
4 93 3 3
6 13 4 2
5 31 3 4
3 84 2 2
5 96 2 4
2 3 2 1
2 40 2 3
3 16 1 5
2 99 5 2
7 28 2 5
4 116 2 5
2 68 4 3
6 65 1 5
2 41 4 3
6 20 3 4
6 62 2 1
2 26 4 4
4 59 4 4
6 56 3 1
6 51 3 5
2 10 4 3
6 86 1 3
3 38 4 4
3 119 3 1
2 79 1 3
5 48 1 4
3 84 2 3
3 5 1 1
3 35 1 3
6 116 3 1
3 105 2 5
3 9 5 1
5 108 2 3
6 112 4 2
4 112 5 4
6 86 2 4
3 66 2 1
3 55 4 2
4 77 3 4
3 101 2 5
4 14 2 4
2 122 3 3
7 49 1 5
5 64 1 3
3 27 2 5
3 36 1 3
6 103 2 4
4 42 5 4
6 88 3 4
2 6 1 2
1 82 2 1
7 106 4 2
4 37 5 2
8 64 5 2
5 76 1 2
6 116 1 2
4 14 3 3
7 73 3 3
2 28 4 2
8 93 1 2
6 119 4 5
7 40 4 2
7 60 2 5
3 92 1 4
7 112 2 1
2 26 1 4
3 95 3 5
4 48 5 2
6 5 1 3
5 32 1 4
6 17 4 4
3 121 2 4
6 116 4 5
7 22 4 2
7 28 5 2
1 113 4 2
7 62 3 4
4 22 2 4
4 90 2 4
1 121 2 3
4 63 4 4
3 2 4 3
7 100 2 2
6 79 4 1
4 34 3 3
3 98 4 2
1 112 4 3
5 37 3 5
2 48 3 4
4 92 3 2
6 68 2 3
8 45 5 2
1 25 4 3
6 86 3 2
7 53 4 2
5 102 5 3
7 5 2 3
2 36 4 3
2 99 3 1
7 103 3 4
1 97 3 3
4 27 2 1
2 124 1 3
1 122 5 4
2 113 3 2
6 93 3 3
8 116 2 3
3 111 3 3
4 64 1 2
7 68 1 3
6 19 3 3
5 35 4 5
2 70 4 4
7 72 3 4
3 27 4 4
6 76 2 5
2 78 4 1
4 44 2 2
2 65 1 2
2 62 5 5
8 43 2 2
7 73 4 2
4 110 4 4
4 110 3 4
4 14 3 4
5 48 2 5
7 42 5 3
7 18 2 3
5 46 2 3
