100
7 0 5 4
3 0 2 2
3 0 5 2
5 0 3 3
1 0 4 5
3 0 4 5
3 0 3 4
8 0 2 4
2 0 4 5
6 0 4 2
3 46 4 2
6 3 4 2
7 20 2 2
6 23 3 3
7 13 3 1
4 3 3 4
6 30 4 3
5 22 4 4
6 33 4 2
8 18 3 4
3 44 2 4
7 30 4 3
2 47 2 4
6 43 1 5
6 23 5 5
5 20 3 2
5 12 4 4
4 48 4 4
8 11 5 2
7 41 1 5
3 5 3 3
5 22 4 4
4 20 4 3
5 43 2 5
5 24 5 2
7 14 3 5
2 49 2 2
5 24 1 3
4 25 4 3
6 21 5 5
5 15 2 3
4 31 3 3
2 8 1 4
7 16 2 4
7 19 3 5
7 23 3 4
8 16 2 5
2 49 2 3
4 43 2 1
3 16 2 4
1 2 5 3
4 45 2 4
1 16 3 5
5 1 4 3
4 29 5 2
6 23 1 4
1 38 1 2
5 10 4 4
4 5 3 4
4 47 2 4
2 45 2 5
3 43 5 2
6 4 3 3
3 18 4 5
3 14 3 3
7 34 3 2
7 25 2 3
3 12 1 3
3 49 1 5
2 10 3 4
5 49 4 4
5 42 1 2
6 1 5 3
8 9 2 4
3 46 1 4
7 25 4 3
8 21 3 4
5 32 1 3
3 36 2 4
4 14 2 4
7 35 2 2
6 49 2 3
6 22 2 3
3 42 4 4
8 3 4 4
8 28 4 1
6 9 3 3
2 19 2 3
6 47 3 4
3 32 5 2
4 2 5 1
5 45 2 4
6 20 3 4
6 39 1 4
4 49 5 2
7 3 3 2
7 24 3 3
6 39 4 2
8 9 3 1
6 31 4 3
