450
1 0 1 5
2 0 4 4
6 0 5 5
7 0 4 4
8 0 5 5
2 0 1 2
7 0 3 3
1 0 5 1
6 0 2 4
2 0 5 4
2 208 4 3
7 121 3 1
7 106 2 1
7 204 5 4
7 200 4 3
2 196 5 3
7 136 3 4
4 170 1 2
4 120 3 3
8 150 2 2
5 223 3 2
8 203 3 4
3 152 5 2
2 109 3 3
4 16 2 3
7 222 2 3
3 162 2 2
6 80 5 1
8 55 3 4
4 158 4 4
2 120 2 2
6 78 1 4
7 71 3 2
3 37 1 4
8 25 5 4
4 18 3 4
8 134 2 3
1 12 3 3
2 115 4 2
1 86 4 2
5 215 4 4
3 174 5 4
5 55 4 2
7 100 2 2
5 182 4 3
2 67 5 2
3 85 1 4
8 204 5 1
5 72 3 3
4 89 1 2
2 67 4 1
7 7 2 2
1 200 2 4
3 204 1 1
7 219 3 1
2 175 3 1
3 201 3 2
3 70 4 4
4 179 4 3
3 128 3 3
6 45 5 4
8 2 2 3
7 123 2 2
5 146 2 4
4 102 2 2
3 56 2 5
7 52 2 4
4 166 3 3
6 197 2 1
6 33 3 2
4 30 2 2
6 55 4 2
7 209 3 2
3 70 2 5
8 207 4 5
4 224 4 4
7 45 4 3
3 16 2 4
3 29 1 3
5 22 4 4
2 189 4 2
1 224 3 2
7 40 4 3
5 220 4 5
4 52 2 4
6 222 3 2
7 168 5 5
5 126 2 1
6 52 2 5
4 56 5 4
6 200 5 1
5 134 4 4
2 222 3 2
8 217 5 3
6 39 2 2
1 150 3 4
2 163 2 5
4 105 2 5
5 178 2 3
4 193 5 3
7 18 2 3
7 9 3 4
2 60 2 5
4 221 3 2
3 224 3 5
3 212 2 3
2 102 5 3
7 42 2 1
3 221 2 2
7 12 2 2
3 78 5 1
4 210 4 3
4 182 3 5
6 1 4 4
6 36 3 2
6 201 2 2
4 52 2 3
3 103 5 2
1 119 2 1
5 206 5 3
4 57 4 4
7 119 1 3
8 120 1 5
3 64 3 4
5 20 3 3
2 61 5 4
2 56 2 4
6 73 4 3
5 152 4 4
6 68 2 4
2 149 3 2
7 26 2 3
6 53 4 3
1 205 3 2
5 195 3 1
2 109 1 3
1 136 2 3
8 201 3 3
7 121 5 4
3 36 4 3
8 65 2 5
5 23 1 4
3 8 2 3
4 55 2 2
6 86 5 2
4 114 3 4
8 154 5 3
3 1 5 4
6 137 5 3
2 12 3 2
5 51 4 4
5 210 4 3
6 210 2 1
5 106 2 2
3 218 4 2
6 199 1 2
7 177 3 1
5 140 2 3
8 47 1 3
7 158 5 4
3 219 4 2
6 97 1 3
5 85 4 4
5 106 2 3
3 165 2 4
3 10 4 3
6 10 4 1
3 123 2 1
5 22 3 2
5 114 4 4
6 77 2 5
7 182 3 2
4 41 5 1
8 201 2 5
3 217 5 3
4 42 4 5
3 3 2 5
5 53 2 1
8 30 5 3
4 171 3 2
8 109 2 3
4 190 2 3
6 191 2 2
5 152 2 4
7 86 4 3
8 86 3 4
2 101 3 4
5 139 2 3
4 8 4 3
7 53 4 2
2 63 3 4
6 154 5 2
3 144 5 5
3 210 5 2
7 100 5 3
1 216 4 3
1 158 4 4
8 208 5 3
5 197 3 4
3 95 4 2
6 186 1 2
7 53 4 1
6 28 3 1
4 84 4 4
4 112 3 5
3 181 2 1
8 83 2 4
7 20 2 3
2 47 3 1
4 62 3 4
7 67 2 2
2 156 1 3
4 207 2 5
7 224 5 4
6 104 4 5
3 26 4 1
5 102 3 5
5 177 3 2
4 92 3 3
4 184 2 5
3 167 3 2
7 40 3 4
1 113 2 3
8 205 2 4
3 66 5 2
7 20 4 5
5 63 2 2
4 83 2 1
5 108 2 2
2 209 5 3
4 123 4 2
7 146 5 2
8 209 4 2
2 37 4 5
8 166 3 2
2 176 3 2
2 182 2 4
6 28 4 4
8 192 5 3
5 77 5 5
8 35 1 2
6 205 3 2
2 208 4 3
8 118 5 2
7 223 5 2
7 18 2 3
3 100 4 5
7 190 4 1
2 52 2 1
4 223 3 1
7 136 5 4
5 64 5 5
2 107 4 4
2 32 1 2
3 202 3 5
1 127 2 4
7 148 2 5
4 61 3 3
7 46 3 2
6 202 1 1
7 6 4 4
5 178 5 2
5 89 1 5
2 11 1 3
6 139 5 2
6 119 2 3
2 27 1 5
7 24 1 1
6 26 2 3
3 146 4 2
4 111 2 1
3 109 2 2
5 79 3 4
5 108 2 3
1 0 3 3
7 115 4 2
5 142 5 2
7 195 3 4
6 44 3 2
3 182 1 3
3 9 3 1
8 27 3 3
1 5 2 4
3 6 5 4
3 195 2 2
3 196 3 1
6 18 2 3
2 123 3 2
3 94 2 4
2 49 5 4
4 20 4 2
8 120 5 3
5 36 1 3
7 196 4 1
6 67 2 4
2 49 2 3
2 140 2 1
8 175 3 5
8 29 2 1
7 21 3 3
2 40 4 2
7 94 4 5
6 191 5 5
7 162 3 5
4 91 3 3
7 33 1 4
8 17 5 3
6 88 2 2
6 114 3 2
6 163 3 3
6 30 1 5
1 161 4 2
3 160 2 4
4 34 2 5
2 141 2 4
4 50 4 4
3 190 3 4
8 8 3 2
7 76 5 3
8 59 5 4
6 143 5 3
4 208 3 3
5 224 4 4
6 74 3 3
7 142 3 2
4 179 5 2
6 179 1 2
3 154 3 2
8 35 4 1
3 25 4 2
4 82 2 3
2 183 5 2
7 217 5 1
1 127 1 3
7 50 4 4
8 184 4 4
7 4 1 5
7 76 5 4
6 135 2 3
8 78 5 4
7 179 4 4
1 202 3 2
6 51 3 4
6 3 3 4
1 141 4 2
7 20 3 3
3 81 3 1
5 132 4 2
4 200 1 4
3 50 2 2
2 34 3 4
7 184 1 5
4 72 3 3
4 60 2 5
4 102 2 2
2 197 5 4
4 162 3 2
2 166 2 4
2 30 2 2
2 84 3 2
4 63 2 2
2 6 1 3
2 73 4 3
1 1 3 3
6 214 3 4
6 114 1 4
4 52 3 2
2 176 2 3
6 35 1 3
7 87 4 3
6 82 3 2
2 75 2 4
8 26 2 4
3 178 4 5
6 30 3 2
6 167 1 2
7 155 5 2
5 161 3 3
4 28 4 3
4 2 4 1
7 122 4 3
2 40 3 1
4 130 3 3
4 209 4 3
3 37 2 4
3 100 4 4
3 153 4 3
5 21 4 4
6 51 5 4
3 39 2 1
6 172 2 1
6 80 1 2
6 61 2 2
1 205 1 5
1 80 1 3
2 176 5 2
3 114 2 5
7 1 2 2
2 187 3 1
2 83 5 3
5 66 2 2
3 109 1 2
2 108 2 4
4 117 5 3
6 109 4 3
7 210 2 2
6 100 3 3
2 91 1 4
8 74 5 3
1 210 3 2
6 93 3 3
4 13 5 5
7 71 3 4
6 159 3 2
5 42 3 3
4 102 4 2
3 59 3 5
7 158 4 4
7 186 3 2
3 153 2 3
2 93 5 2
3 25 5 4
6 214 2 1
3 81 2 4
3 78 4 2
4 127 5 4
1 1 5 3
1 204 2 3
8 115 4 5
5 26 2 5
4 176 4 3
2 225 4 1
1 49 5 3
8 156 4 5
3 136 2 2
7 165 3 2
6 11 4 3
8 206 4 4
7 50 1 4
4 97 2 2
4 48 5 2
4 125 2 5
7 145 5 4
1 146 4 3
7 115 3 5
2 53 3 5
2 76 4 3
5 17 4 4
5 166 4 2
3 11 2 2
