200
4 0 4 4
3 0 2 2
5 0 2 4
6 0 2 4
8 0 1 4
4 0 1 3
2 0 4 3
3 0 5 4
1 0 2 2
2 0 2 1
7 18 3 4
4 54 3 1
2 2 2 2
8 21 3 4
6 7 4 4
1 13 5 3
2 81 3 2
6 93 5 3
8 89 4 2
2 82 1 3
5 33 2 3
7 85 1 4
6 34 4 4
6 27 2 5
6 60 1 2
3 50 3 2
7 16 3 3
3 35 3 3
2 9 4 3
6 21 4 2
2 20 3 3
7 76 5 1
2 27 3 3
6 21 1 3
7 34 1 3
3 68 5 5
1 2 4 4
1 27 4 4
6 41 1 3
4 49 3 4
2 1 3 2
4 16 3 3
6 36 4 4
4 93 2 4
7 35 3 2
5 92 4 4
4 91 5 4
7 31 3 4
4 29 4 2
3 57 4 2
2 72 2 4
3 1 2 2
4 43 5 4
3 95 3 3
2 31 4 1
4 75 2 2
3 24 4 3
4 76 4 4
3 11 1 2
3 74 5 5
4 36 1 4
7 18 1 3
8 20 4 3
2 91 3 3
4 64 5 3
1 62 3 4
7 25 1 3
7 32 4 4
5 59 2 4
4 88 3 3
7 53 1 2
2 48 5 3
5 31 5 4
1 53 3 5
7 82 4 5
4 68 4 3
6 92 3 2
4 3 2 4
4 27 4 2
4 93 4 2
5 44 3 5
1 88 2 2
5 33 2 4
8 54 2 2
5 75 4 5
4 21 2 3
3 71 3 4
6 28 5 3
5 33 4 2
2 5 1 2
7 36 3 3
8 81 1 4
6 1 3 4
5 59 3 3
4 60 2 2
3 56 2 3
2 70 2 3
5 81 3 3
3 54 2 3
6 84 4 3
5 1 1 4
2 31 2 2
5 55 2 4
2 67 3 1
5 30 1 3
5 71 3 3
5 87 3 4
4 48 5 4
5 18 3 2
2 93 3 2
5 45 3 2
4 24 4 5
4 48 4 2
1 41 1 3
5 83 2 2
4 64 4 4
4 20 4 5
5 73 3 1
4 92 2 5
4 59 1 1
6 43 3 2
5 15 4 3
7 88 5 3
5 23 4 3
6 56 5 4
7 19 5 5
2 75 3 5
6 66 4 5
1 48 3 4
2 38 3 5
3 37 3 1
5 34 3 4
7 29 4 5
6 67 2 2
5 46 3 3
4 79 3 3
4 1 4 2
1 83 2 3
2 83 4 4
6 51 1 3
7 53 3 3
5 40 2 3
4 22 3 3
1 48 4 4
8 77 2 3
5 25 2 3
3 99 4 4
5 90 3 3
5 96 5 2
5 66 2 2
5 14 3 5
2 57 4 2
6 72 3 4
1 45 2 2
6 9 1 3
5 5 5 4
6 72 1 5
3 5 2 1
3 5 1 4
7 17 2 2
5 54 4 3
4 31 2 4
3 75 2 3
2 54 4 4
5 99 4 2
5 15 4 5
2 99 2 4
6 39 4 1
6 72 2 2
6 88 3 4
2 45 2 3
5 47 2 4
3 31 2 1
3 9 1 2
5 81 4 2
2 19 5 3
6 55 2 5
7 48 3 4
4 89 3 4
1 57 2 2
5 61 3 4
3 5 3 3
2 86 4 3
2 29 4 4
2 99 2 4
2 61 2 3
8 50 2 2
3 90 5 4
8 23 5 3
1 52 3 5
6 58 5 2
8 81 3 2
4 32 4 1
5 32 1 2
7 33 3 5
3 27 1 1
3 44 5 4
6 71 1 3
7 22 1 4
6 66 1 4
