450
10 421 431 18
8 720 732 12
8 1259 1269 13
4 278 283 18
1 1654 1680 3
10 1035 1049 15
1 1251 1253 14
9 1720 1729 19
1 1663 1681 4
4 495 502 19
7 1520 1527 12
3 792 805 7
5 1652 1658 13
6 168 174 20
8 203 211 20
2 1340 1346 13
2 129 160 17
3 863 899 17
10 1765 1775 12
10 268 278 17
5 985 1004 11
9 1171 1193 3
3 819 822 20
10 207 217 20
3 1236 1242 17
2 343 345 20
3 330 337 10
7 75 82 14
9 987 998 19
7 8 17 10
2 195 197 17
5 434 439 18
5 1387 1396 15
2 906 910 11
7 926 968 3
9 1579 1587 20
4 1245 1282 10
10 340 376 19
3 416 423 17
6 1781 1789 13
3 1745 1752 19
7 1628 1636 19
5 434 439 19
2 212 214 15
6 201 207 16
1 1778 1779 15
1 12 41 6
9 420 429 13
8 362 370 15
5 257 262 17
10 598 610 10
3 728 731 19
6 1086 1092 10
7 1400 1410 15
8 144 155 17
8 600 610 16
4 1188 1193 17
9 1116 1128 13
4 721 726 13
6 99 105 19
1 1108 1109 14
2 224 226 19
7 112 119 18
1 915 916 20
5 861 866 10
2 183 183 20
10 314 324 19
3 170 173 18
7 745 768 5
5 941 947 11
8 187 195 15
6 1310 1318 12
6 158 168 20
7 831 830 20
9 767 780 17
3 184 187 20
4 333 337 20
2 124 126 12
3 578 618 13
9 572 606 17
4 1799 1842 13
10 13 19 20
2 25 27 10
3 425 428 20
6 120 128 11
4 843 848 20
4 972 979 19
3 804 797 20
4 421 426 19
5 988 995 15
1 590 589 20
6 415 421 20
5 1324 1355 8
10 1449 1498 2
7 278 289 15
7 688 698 11
3 241 244 16
3 108 114 15
7 100 107 17
3 704 699 20
6 1372 1379 13
5 989 998 16
2 1674 1676 12
6 216 224 16
6 33 68 14
8 1185 1192 20
9 1090 1103 20
6 295 301 16
7 1608 1616 19
8 5 16 11
2 615 618 14
3 392 418 4
9 6 6 20
4 1211 1239 11
8 114 122 19
2 1246 1241 20
10 1632 1681 12
4 371 375 17
8 892 940 6
6 184 190 16
10 523 534 19
10 482 487 20
9 138 147 12
8 84 93 17
2 431 433 18
2 1118 1120 15
7 1426 1437 14
3 576 581 17
7 815 826 15
8 164 163 20
3 1243 1249 20
8 362 373 15
7 378 404 1
2 391 395 13
9 1443 1452 12
4 607 615 17
5 539 548 10
8 102 110 17
6 284 309 9
10 761 793 12
5 323 329 15
9 100 109 17
9 1394 1394 20
8 1219 1229 14
10 253 299 1
5 1643 1675 7
7 968 975 13
1 1593 1584 20
5 331 336 17
8 324 332 15
6 337 343 19
1 1749 1763 19
10 1042 1054 16
9 1260 1302 3
10 616 657 17
10 16 26 17
5 1606 1651 16
9 145 155 13
6 62 68 16
7 704 703 20
9 67 76 20
9 656 696 13
1 896 901 18
6 688 697 15
10 1390 1403 11
4 1318 1351 10
10 268 268 20
5 1408 1415 10
2 1800 1805 12
10 1275 1305 7
4 845 853 17
6 223 265 2
6 570 604 10
6 241 247 19
3 69 75 11
9 45 54 18
9 784 794 18
9 316 321 20
9 824 828 20
6 1364 1399 16
7 372 379 17
1 1397 1402 10
8 6 15 13
2 1655 1657 18
2 1191 1194 19
7 1604 1607 20
5 196 201 20
9 1327 1347 5
1 862 903 16
4 1500 1535 8
5 348 356 11
3 3 9 19
6 1069 1075 19
4 230 235 11
3 479 483 18
6 1232 1238 14
7 204 211 16
5 166 171 19
5 576 583 20
8 394 402 15
4 502 499 20
10 66 76 17
4 1115 1119 19
1 430 431 17
8 50 58 16
10 1544 1582 8
4 1709 1713 13
8 1167 1187 15
6 703 709 19
4 328 332 14
6 161 168 14
5 1205 1227 18
4 1603 1597 20
7 588 599 12
2 30 32 20
8 858 869 11
6 1160 1168 15
3 845 870 8
4 1759 1764 14
4 1585 1589 20
2 353 355 16
3 381 388 15
9 1346 1356 12
5 616 637 13
8 391 430 20
8 417 429 19
9 964 974 11
7 281 289 19
5 364 369 12
4 997 1000 20
10 917 931 12
8 1510 1509 20
10 38 48 16
6 639 679 11
6 1473 1497 7
8 953 965 13
5 1739 1773 10
2 456 459 16
6 1337 1344 11
8 785 794 20
2 188 222 19
8 1283 1302 5
2 470 509 14
1 318 319 20
4 46 50 19
3 176 176 20
2 1721 1725 13
1 1288 1290 14
2 298 300 15
8 978 998 10
1 627 625 20
1 1207 1209 19
3 945 949 11
3 87 90 19
1 1344 1349 16
4 42 44 20
7 209 218 16
4 155 160 19
1 279 280 15
8 915 916 20
5 999 1006 19
10 1192 1204 12
2 1020 1036 19
7 1584 1622 8
6 1271 1274 20
4 753 751 20
5 24 29 16
4 1410 1416 11
1 67 68 18
8 333 333 20
9 2 15 15
5 1562 1587 17
10 619 633 14
2 61 63 17
2 430 432 18
4 1039 1043 13
6 10 16 20
4 927 956 11
9 1553 1594 4
1 1432 1434 18
7 1755 1764 14
4 1351 1358 20
7 998 1038 5
9 1694 1705 16
1 1240 1244 13
5 608 627 18
1 1639 1640 12
3 229 232 19
7 1640 1647 12
2 1512 1515 11
8 5 13 17
4 992 997 11
9 290 299 19
9 1326 1334 20
1 675 676 11
3 1635 1639 16
9 218 227 16
7 15 22 15
6 1069 1077 18
10 811 821 19
6 409 415 16
4 1466 1470 14
3 401 408 14
8 838 844 20
7 424 431 19
2 244 246 19
7 20 29 17
3 29 32 16
6 1639 1645 14
7 1799 1796 20
5 1230 1227 20
6 292 298 18
1 941 977 16
8 135 143 20
5 147 152 17
9 1054 1065 14
2 1088 1094 20
10 19 29 17
5 1758 1763 10
9 32 42 10
2 1786 1788 19
2 722 738 3
1 1400 1394 20
7 181 190 15
5 1235 1276 11
1 1019 1024 19
1 630 631 14
4 228 232 19
7 1562 1606 20
8 1699 1707 17
3 361 366 11
6 53 59 15
5 383 388 20
3 325 328 16
2 1787 1790 17
6 278 284 20
6 1714 1722 11
4 1717 1721 16
10 235 283 2
7 873 879 20
7 749 757 15
7 131 138 16
3 1494 1497 17
2 357 360 13
2 1136 1142 13
7 863 873 11
9 362 375 17
8 801 810 14
10 98 112 12
6 93 101 16
10 865 878 17
4 509 516 16
1 366 367 15
2 201 201 20
1 22 27 11
7 983 985 20
5 628 633 12
6 374 397 19
9 388 398 18
6 1593 1614 8
7 639 650 18
9 1393 1402 15
3 79 117 20
1 127 128 15
9 653 666 10
5 424 432 13
9 1513 1547 14
8 150 162 11
7 1714 1722 10
3 49 52 18
10 1705 1733 17
6 854 860 17
5 1691 1690 20
4 304 305 20
2 365 368 13
8 1714 1722 16
1 724 723 20
1 1501 1506 16
3 1692 1697 19
8 385 397 16
5 143 148 16
10 553 564 14
7 11 18 19
2 892 891 20
8 731 734 20
8 1088 1099 12
2 1379 1382 14
7 729 738 19
7 107 114 18
3 1191 1195 12
2 1166 1169 20
6 191 201 12
5 1559 1564 14
5 1445 1454 19
8 348 358 10
3 1592 1598 13
4 536 544 19
2 359 361 18
4 992 995 20
1 59 62 10
10 251 274 11
8 9 19 16
3 1256 1261 11
7 1588 1595 16
8 333 341 18
5 301 308 15
10 1382 1387 20
2 1747 1751 18
1 1123 1148 4
6 1340 1337 20
2 719 722 10
4 387 391 15
8 43 55 14
5 1342 1364 12
8 218 226 17
1 819 824 20
9 741 761 1
6 712 720 18
9 432 441 18
9 1608 1617 14
2 889 903 2
9 1315 1326 16
10 570 578 20
7 275 284 19
7 189 197 14
9 1585 1596 19
3 1603 1618 14
6 326 332 19
3 510 516 16
5 1303 1310 16
6 1196 1197 20
10 1093 1107 12
5 352 357 16
7 1275 1284 11
2 385 387 17
10 701 724 19
4 1412 1417 18
6 1721 1731 16
7 237 244 20
10 1242 1254 18
10 274 284 17
1 1029 1020 20
9 1496 1508 14
2 310 314 17
1 405 406 15
10 704 718 20
6 371 378 14
2 672 674 13
7 988 989 20
9 160 169 17
