350
10 1052 1054 20
5 115 120 17
10 1095 1101 20
6 885 892 19
6 1195 1201 10
2 932 938 15
10 56 66 20
3 1304 1309 15
4 86 90 15
7 1063 1100 4
2 680 685 13
5 317 319 20
8 1308 1320 19
7 1061 1072 15
1 907 912 14
6 127 129 20
2 987 1014 2
9 472 516 17
9 1197 1202 20
4 1218 1223 20
2 616 620 10
5 160 165 16
8 909 953 8
5 1098 1135 5
2 88 90 15
8 896 935 19
5 563 572 14
9 389 389 20
9 863 875 18
3 827 824 20
9 530 539 12
2 91 93 18
3 350 357 18
7 133 153 6
10 232 242 17
2 651 655 12
5 690 721 10
10 645 673 13
3 1396 1399 14
4 1371 1375 13
8 1292 1300 12
3 1161 1166 10
5 1320 1327 20
6 805 813 20
2 274 276 12
6 120 126 20
3 199 215 1
2 122 137 10
9 297 306 19
4 532 540 12
10 1178 1190 16
2 208 231 17
4 200 204 17
6 1105 1114 15
2 1289 1325 11
6 41 47 18
3 991 1014 10
8 74 82 17
8 796 807 19
3 801 805 14
6 73 108 19
7 36 43 15
3 1173 1176 19
9 1107 1126 16
8 102 110 17
10 1245 1259 19
5 399 408 12
3 1278 1304 9
4 199 194 20
10 781 791 17
4 669 699 6
8 903 911 14
4 494 498 10
5 1026 1033 20
5 371 392 6
7 1257 1265 15
4 380 384 12
3 740 744 18
8 528 539 14
8 468 516 18
3 380 422 16
7 477 487 12
4 64 69 17
4 489 496 13
6 287 296 12
3 605 609 10
8 123 131 16
1 255 256 16
2 892 916 11
10 148 158 15
6 883 921 11
4 502 509 15
1 656 659 13
2 61 65 13
7 313 320 15
1 623 644 12
5 77 82 17
6 1219 1259 10
1 32 33 16
10 352 365 15
6 183 185 20
1 22 57 18
1 1118 1122 19
1 1279 1284 12
7 360 368 16
3 1129 1136 19
7 56 63 18
6 685 691 18
4 19 25 17
5 1218 1227 17
9 1182 1216 1
9 1276 1287 19
8 430 442 13
10 279 291 11
3 298 301 17
7 816 824 10
4 148 152 15
9 1295 1308 18
4 114 121 14
10 1029 1070 16
7 133 163 16
2 147 149 18
2 99 100 20
3 1365 1384 1
2 352 356 15
9 500 510 14
2 617 641 5
8 69 77 18
6 1191 1201 10
4 976 980 11
5 853 883 11
3 584 599 4
6 949 957 11
2 1321 1357 5
10 77 101 2
4 991 997 11
10 243 253 15
8 1359 1370 14
1 736 738 14
6 1283 1323 7
1 145 150 16
10 169 179 18
6 642 649 18
5 909 917 13
4 194 221 20
10 226 236 19
8 612 618 20
8 1159 1170 11
2 118 120 16
9 589 630 17
6 987 995 14
2 83 85 17
2 487 492 12
4 48 43 20
6 33 50 20
2 138 154 15
2 185 186 20
8 350 362 11
8 206 214 18
2 402 404 16
7 1216 1226 15
2 37 39 15
3 550 552 20
2 347 349 15
9 917 928 17
8 1275 1283 12
7 1212 1215 20
8 840 848 12
5 406 435 19
5 137 144 13
2 964 966 18
2 176 178 20
1 874 889 4
8 1326 1335 20
4 491 520 9
4 992 998 20
10 1338 1350 12
3 661 667 19
9 1041 1050 12
10 749 779 18
6 856 856 20
9 67 76 15
9 488 498 20
2 343 349 12
9 847 859 13
4 275 280 13
8 1115 1145 8
5 376 403 3
9 68 78 10
4 178 182 18
2 1238 1232 20
10 73 83 20
8 1139 1150 12
6 1241 1281 19
3 729 732 13
4 44 48 17
2 311 317 18
6 112 120 12
3 1036 1054 19
10 1101 1123 4
8 796 798 20
7 4 11 17
2 73 75 18
10 33 33 20
3 959 959 20
7 191 198 15
4 483 486 20
1 772 811 19
1 253 254 15
8 193 205 18
5 286 291 15
2 497 501 16
7 472 481 13
7 584 594 17
2 606 612 17
10 1030 1044 11
9 963 988 3
4 332 336 19
3 97 100 14
1 954 980 16
1 793 798 12
2 671 673 15
2 419 439 1
10 811 823 15
9 231 242 20
2 25 27 18
8 943 954 17
9 796 805 10
5 849 855 12
1 1222 1235 7
7 672 680 15
3 916 919 14
6 773 806 19
10 162 172 17
2 964 970 11
7 1029 1037 15
1 716 717 10
3 642 676 9
1 857 860 17
10 275 285 15
6 657 665 20
2 246 248 16
4 411 441 14
2 965 968 14
2 317 322 12
7 957 966 15
5 385 392 16
8 180 190 14
6 419 426 18
6 791 833 16
10 522 536 17
8 678 683 20
7 910 921 20
9 146 155 17
3 176 179 15
8 537 549 14
7 69 76 20
7 1203 1235 11
8 186 194 17
2 989 1017 19
10 192 202 19
10 199 211 12
9 1393 1405 13
4 1030 1061 10
6 719 745 1
4 1254 1255 20
6 836 832 20
3 989 992 20
2 104 106 18
3 759 763 20
1 506 509 16
4 156 160 18
8 491 499 10
10 989 1024 10
2 1227 1225 20
9 760 785 16
1 193 194 19
7 273 284 20
1 55 57 19
2 879 882 15
5 267 274 16
6 425 428 20
10 187 197 17
7 922 933 12
10 771 817 17
3 226 233 12
9 705 749 18
6 795 805 11
5 309 314 17
2 258 260 17
8 117 158 12
10 320 330 19
2 453 495 16
1 184 185 18
5 1133 1140 13
4 1394 1402 15
4 278 282 10
7 38 45 18
4 1068 1075 12
9 770 779 18
8 884 893 15
7 289 298 17
1 1228 1230 18
6 1070 1080 16
6 436 445 16
10 949 963 20
2 204 206 17
1 1306 1333 11
7 1272 1280 17
2 467 473 12
10 451 463 17
8 478 486 14
7 615 624 13
1 134 135 18
9 597 604 20
3 82 85 20
8 222 233 20
6 124 130 20
2 27 29 16
3 386 413 9
3 1227 1234 16
2 1325 1330 14
6 263 272 19
8 803 844 15
7 205 216 13
1 908 911 15
5 976 978 20
5 520 527 18
2 1273 1276 11
5 893 899 14
2 238 240 16
10 273 283 20
1 788 788 20
1 156 157 16
5 626 627 20
3 1005 1027 5
5 555 564 16
3 858 894 2
5 1287 1306 17
2 49 55 11
3 544 549 16
9 1358 1369 17
1 970 972 15
9 213 236 15
8 799 800 20
10 113 123 15
2 938 944 12
10 1254 1264 16
2 206 232 6
5 1081 1089 20
