200
9 213 223 11
8 394 403 13
10 728 740 19
7 199 206 19
8 710 722 12
1 174 179 17
3 143 146 19
9 696 709 15
6 387 397 20
8 470 481 10
1 141 133 20
8 1 9 15
4 158 162 16
1 180 181 18
5 502 499 20
9 97 98 20
8 7 15 18
4 712 717 15
3 148 155 10
1 219 236 3
9 193 205 10
1 643 679 13
8 380 392 15
5 102 124 4
5 47 52 16
2 126 130 20
5 478 485 19
5 64 73 11
4 353 359 14
9 499 541 15
5 618 614 20
2 521 560 2
10 732 733 20
6 468 473 20
10 339 352 13
7 235 245 17
10 0 10 17
7 668 679 13
1 81 83 18
4 181 185 18
5 192 194 20
7 209 220 17
6 145 151 15
2 535 528 20
10 261 275 14
1 518 542 11
9 761 798 4
7 125 132 20
6 95 101 20
3 634 638 16
8 360 368 17
4 662 667 10
3 13 16 17
7 535 580 20
5 594 599 14
1 717 720 15
6 32 38 19
6 93 133 20
1 754 759 17
3 741 745 18
3 89 92 15
4 568 595 8
5 646 651 16
5 558 563 19
5 6 46 17
5 38 43 17
8 245 289 3
8 51 59 18
3 759 765 18
10 106 118 10
6 773 800 3
3 519 550 8
7 511 548 1
3 690 695 18
10 433 434 20
3 19 22 20
3 424 419 20
8 685 697 13
3 300 320 5
10 719 759 16
10 728 734 20
6 52 58 20
8 443 454 13
4 146 154 15
8 157 165 15
6 664 672 17
6 164 180 12
1 764 784 2
6 135 143 20
10 180 190 19
8 756 765 16
7 686 689 20
9 596 605 11
4 362 370 15
1 683 688 20
4 156 160 16
9 327 336 10
1 374 403 7
2 108 112 16
4 37 41 16
6 27 35 10
7 307 314 14
2 343 346 19
1 51 52 15
8 123 144 20
7 21 28 18
4 639 645 18
7 613 617 20
8 198 206 16
2 424 421 20
3 47 50 20
4 265 259 20
8 354 365 14
8 183 191 16
1 586 605 6
2 675 681 12
5 464 472 19
1 776 811 16
8 175 183 15
9 454 460 20
7 0 7 16
5 649 657 14
6 441 450 14
5 628 636 14
8 49 57 18
2 183 187 11
5 698 706 17
9 646 671 20
8 682 694 16
1 488 489 20
6 50 90 15
9 109 118 20
1 650 655 15
8 372 383 19
7 140 141 20
2 43 75 11
5 233 238 16
2 500 502 10
4 687 695 13
9 376 388 12
6 106 112 20
9 500 510 12
1 126 128 14
3 173 176 15
5 439 481 10
4 72 76 10
1 110 111 19
9 400 431 16
2 189 191 17
8 400 412 16
5 400 418 2
9 562 572 18
8 92 100 18
4 258 291 9
6 42 48 20
4 38 42 10
8 150 158 18
7 134 141 20
10 330 343 18
7 513 524 19
5 179 184 18
10 120 126 20
6 252 258 19
3 646 649 17
10 532 544 10
1 371 372 20
3 578 581 13
8 572 577 20
5 307 315 11
7 730 737 18
10 625 650 9
10 704 718 18
3 71 76 15
5 459 464 20
7 110 117 15
9 709 722 10
1 35 36 17
5 476 503 11
6 404 411 14
6 126 132 17
9 647 658 10
3 423 457 19
4 435 443 20
2 312 318 17
10 267 279 19
7 260 267 15
10 114 124 16
10 289 303 11
6 158 164 20
3 637 642 18
6 607 634 5
9 570 579 16
9 741 751 10
1 340 352 14
3 33 57 17
7 433 443 14
5 124 154 4
6 277 285 19
5 368 374 16
3 271 292 11
