50
8 188 216 14
5 157 166 19
10 127 173 4
10 36 48 12
6 7 14 20
4 49 53 20
6 60 98 18
6 190 198 11
2 101 104 18
3 179 172 20
4 130 137 16
7 113 124 20
5 93 131 17
3 124 145 13
9 0 9 15
6 80 89 20
8 89 98 13
8 24 33 11
3 174 178 13
1 39 40 19
1 97 102 19
4 120 128 17
3 38 41 15
1 37 40 14
5 66 75 12
1 174 175 20
9 129 139 14
5 114 118 20
7 15 24 18
6 83 127 12
4 21 18 20
3 28 31 16
5 127 123 20
6 3 9 18
3 2 5 17
10 108 122 11
1 50 55 12
9 91 101 14
10 156 166 15
3 143 157 8
2 19 21 18
7 1 8 20
5 115 120 17
9 31 40 18
5 79 115 7
9 129 139 18
8 23 31 16
4 48 52 16
8 53 85 1
9 42 64 9
