250
2 477 481 17
8 405 413 19
3 490 483 20
1 164 165 16
6 875 885 10
6 386 395 16
5 99 105 13
10 30 40 19
5 208 248 8
9 896 906 14
1 156 157 10
9 71 80 17
10 798 809 15
10 514 525 18
4 214 218 15
6 102 108 15
3 935 970 11
8 142 150 19
9 46 55 18
1 165 166 15
9 584 595 16
10 616 641 3
7 863 872 14
6 932 940 19
9 271 284 17
5 224 249 2
3 800 805 14
3 787 793 10
1 617 618 16
10 575 586 11
10 758 795 6
8 841 851 12
5 743 745 20
1 827 819 20
3 105 108 15
10 284 298 19
7 234 241 15
2 627 632 10
7 715 726 17
4 909 913 16
1 177 178 19
9 125 134 16
5 199 204 17
3 4 7 18
9 213 222 18
8 370 394 9
2 339 345 10
6 317 326 20
5 69 78 13
1 128 129 20
3 856 861 17
8 37 80 16
7 734 745 20
4 26 30 20
6 979 985 14
9 75 86 16
1 523 526 17
3 112 116 11
3 19 26 10
8 788 800 18
7 240 247 19
1 658 685 18
5 381 390 11
4 159 163 17
6 925 931 19
4 47 51 16
5 163 170 14
4 780 788 11
10 410 449 3
8 94 103 15
4 377 418 6
3 370 373 18
6 709 740 15
10 665 677 19
5 195 201 17
2 176 178 15
1 197 202 14
3 917 921 10
7 466 463 20
2 638 662 4
4 599 617 14
6 987 996 11
5 6 12 17
3 383 412 11
2 184 186 20
4 102 106 20
5 707 716 11
10 205 218 19
1 202 206 19
10 336 341 20
10 80 90 17
1 36 37 17
7 600 607 14
2 529 535 14
6 83 89 20
2 884 887 16
2 804 809 10
5 82 87 16
7 618 627 10
1 631 632 12
4 802 806 20
5 70 75 15
3 86 93 17
4 351 357 10
2 233 272 13
8 966 978 14
9 82 91 18
4 345 352 13
1 197 198 18
8 15 23 20
1 604 605 14
3 583 578 20
10 104 114 19
4 319 326 20
3 220 223 20
10 106 116 17
4 897 924 20
10 258 272 16
10 394 432 17
2 170 172 15
6 931 930 20
10 371 381 12
5 71 76 19
9 706 719 11
4 749 746 20
1 741 743 14
9 942 953 15
9 641 647 20
8 46 86 15
3 48 51 20
7 618 629 18
1 142 154 1
5 238 281 5
1 133 170 14
7 259 290 15
6 897 907 20
8 187 195 18
4 151 155 20
7 70 77 20
10 52 62 18
5 934 943 18
10 234 244 19
10 113 123 19
7 62 69 20
2 24 26 18
9 130 168 7
5 701 710 13
2 479 508 15
1 74 75 18
8 184 192 16
9 867 915 11
8 109 117 18
3 287 293 13
3 800 807 10
5 56 61 17
2 27 29 16
1 875 907 15
7 619 626 16
8 62 70 15
7 22 19 20
9 201 214 12
4 445 451 17
6 213 219 20
5 758 767 11
10 53 63 15
3 517 523 20
10 223 233 18
6 454 462 16
1 854 858 13
6 734 744 13
6 959 993 8
7 431 439 16
9 104 152 16
10 671 684 14
5 197 202 20
8 738 749 13
8 837 849 17
7 632 667 6
1 87 92 16
3 956 960 20
3 513 552 4
2 164 166 20
9 99 108 16
10 76 89 13
6 82 88 17
4 757 801 13
10 447 459 11
10 118 147 17
5 212 217 16
5 608 617 14
8 510 520 12
7 14 24 17
3 189 192 14
7 928 937 12
2 518 532 9
2 618 620 20
10 289 303 16
8 629 638 11
3 187 226 20
3 983 987 13
1 557 549 20
10 774 785 15
8 334 344 16
1 244 271 1
2 401 405 13
2 670 674 13
4 941 948 18
7 956 964 11
1 799 800 18
7 996 1005 18
8 361 394 1
10 951 962 19
8 162 170 19
3 887 893 16
9 971 980 15
6 152 160 16
4 768 773 10
2 711 725 12
8 949 959 12
1 992 990 20
9 620 629 19
4 670 678 13
9 514 515 20
9 272 283 11
7 396 407 12
7 75 82 15
8 977 985 11
8 970 982 16
2 117 121 11
4 851 857 10
6 773 783 20
2 980 983 13
2 546 551 19
6 667 666 20
7 230 275 1
5 506 528 5
9 767 780 15
5 502 508 13
9 728 749 14
5 135 140 17
5 682 688 14
8 100 112 15
6 189 213 12
5 186 191 15
6 182 200 8
8 19 27 16
4 799 805 19
9 586 595 14
8 61 69 16
4 111 118 13
