500
4 203 207 20
9 1876 1889 12
2 46 48 15
9 1760 1769 16
2 1384 1387 13
9 1838 1882 6
8 1491 1503 12
2 775 779 11
9 1802 1835 6
2 1583 1584 20
8 1278 1289 12
10 431 476 19
3 1185 1184 20
3 1894 1936 1
8 296 296 20
9 960 980 2
4 1236 1252 6
9 660 671 11
2 1371 1401 18
3 1130 1154 14
9 1507 1519 20
4 943 964 5
8 166 174 20
6 784 790 16
3 1934 1941 14
7 1730 1740 16
1 49 53 10
8 1350 1352 20
6 422 453 9
7 175 182 18
4 352 360 10
3 480 486 18
1 251 252 20
7 5 12 18
9 1890 1901 20
3 1242 1243 20
3 583 615 5
4 1623 1627 11
10 765 776 17
2 1786 1824 15
3 415 422 11
9 191 215 8
10 1184 1194 15
2 1055 1075 5
10 219 269 17
8 201 242 11
2 1846 1851 17
2 812 818 19
10 1495 1506 11
2 487 489 15
10 179 189 17
4 427 434 18
1 325 326 17
1 1107 1110 18
10 1576 1581 20
9 168 213 16
9 1368 1377 10
2 197 199 18
1 218 219 17
5 532 563 19
4 1902 1900 20
1 1080 1110 20
4 1420 1458 18
4 1134 1141 14
3 56 59 15
9 1798 1810 12
8 290 289 20
5 961 969 14
5 1227 1236 18
9 985 998 18
5 908 917 16
10 1370 1383 14
4 398 402 17
6 594 613 7
3 26 29 15
8 388 396 20
2 809 847 11
6 541 548 14
10 245 247 20
5 284 289 17
10 111 121 19
2 1001 1034 16
8 1950 1952 20
2 1164 1159 20
1 1290 1321 12
7 227 234 18
7 42 49 16
6 72 78 15
1 1012 1016 11
7 33 40 17
9 1628 1668 10
7 149 158 14
6 546 553 14
3 693 711 13
9 1038 1049 12
3 164 167 10
8 161 169 15
3 341 344 14
6 1682 1691 14
5 988 995 15
10 185 197 11
5 1938 1944 14
3 292 295 15
1 347 348 18
10 1838 1851 15
6 676 686 13
9 1583 1596 10
6 1289 1297 10
3 394 397 15
1 1595 1586 20
8 399 407 17
8 50 58 18
8 792 803 18
5 390 416 12
4 1393 1401 11
4 48 52 16
6 569 604 8
9 105 114 20
10 1554 1565 19
4 1562 1598 20
3 51 56 18
1 1554 1574 20
10 1929 1955 20
7 140 142 20
3 1620 1659 3
7 726 736 13
1 281 282 14
6 1323 1356 14
6 277 282 20
7 1391 1392 20
7 1259 1262 20
3 1199 1205 13
4 1032 1038 11
10 623 660 2
9 385 394 16
9 889 911 13
1 994 1025 18
7 1249 1258 11
1 415 416 18
1 1842 1866 6
1 1968 2003 16
4 1031 1057 20
1 943 962 2
1 1412 1452 14
2 108 110 20
9 1518 1526 20
9 125 134 14
5 1718 1725 16
5 1399 1417 18
5 830 835 11
7 943 951 10
1 683 695 20
8 328 336 17
1 178 216 4
6 1849 1855 17
1 935 937 17
2 210 212 20
10 28 38 20
9 1062 1075 20
1 548 551 16
7 1287 1294 20
5 232 237 20
9 1765 1774 14
4 472 505 9
1 293 296 18
3 585 591 17
4 1695 1712 12
8 677 721 10
6 321 327 18
10 214 224 19
10 525 537 11
4 1354 1358 15
6 469 475 16
1 385 386 18
5 1406 1423 12
7 497 504 18
9 347 356 15
7 556 563 19
2 362 365 16
7 1407 1413 20
6 1615 1622 17
2 1943 1948 12
8 1352 1364 20
10 1515 1527 20
5 392 399 10
10 1957 1971 18
7 460 467 18
10 962 1009 14
7 335 343 20
7 201 211 12
5 297 302 17
5 200 205 16
9 1374 1387 13
1 1892 1918 4
6 1492 1498 17
9 163 172 19
5 1054 1061 18
5 444 449 19
1 323 324 18
7 445 456 13
8 921 931 17
4 978 995 17
9 399 408 10
2 1370 1376 17
3 1264 1264 20
1 1169 1205 16
2 588 588 20
2 1720 1736 2
1 1359 1352 20
1 1010 1023 7
2 1733 1737 17
3 965 960 20
2 370 376 13
4 1668 1697 1
7 1925 1933 15
4 794 808 4
2 0 2 18
8 1693 1703 15
1 1648 1662 10
2 1345 1384 19
8 194 202 17
3 289 292 17
10 1078 1107 12
4 1172 1179 18
7 38 45 19
6 301 308 13
7 1506 1543 2
7 1002 1010 12
6 1311 1319 15
6 1075 1081 12
3 1829 1835 11
7 240 251 13
1 242 243 17
5 1602 1610 17
6 1942 1958 1
7 194 201 15
10 426 436 15
3 810 817 12
10 1375 1403 2
8 1648 1659 19
6 394 402 15
7 983 992 13
5 229 234 17
3 1163 1165 20
9 1023 1032 20
8 338 346 18
1 185 208 13
8 1204 1206 20
9 1102 1111 20
10 863 873 11
2 1113 1117 16
7 156 163 18
7 276 284 17
9 108 117 19
1 1239 1267 18
2 604 606 18
2 500 519 8
6 1728 1749 4
5 796 831 12
9 440 450 20
3 48 51 19
8 72 83 18
7 446 454 19
2 1307 1307 20
8 209 221 16
5 50 55 20
2 383 385 19
7 877 917 14
5 1332 1363 19
10 1781 1805 2
3 1551 1556 12
2 517 536 12
3 1817 1824 11
1 174 175 17
10 813 840 1
6 1767 1789 17
9 0 3 20
1 48 49 20
5 1251 1259 13
10 538 548 10
9 213 222 18
3 390 393 19
3 244 247 19
5 174 183 15
9 444 453 20
10 1209 1220 19
1 947 975 20
5 723 730 14
4 1889 1923 10
5 1009 1016 20
10 419 432 20
10 272 284 11
4 209 217 13
4 29 33 19
10 383 393 17
7 1763 1793 20
1 57 72 5
9 1606 1616 12
9 1716 1728 11
2 30 32 17
6 336 342 18
7 1724 1725 20
5 1333 1341 16
6 401 407 17
6 960 983 15
6 592 589 20
3 971 967 20
4 375 398 2
7 1451 1462 17
2 171 175 14
4 1895 1903 15
9 430 439 16
8 457 465 19
7 336 343 11
3 542 560 14
5 1371 1374 20
1 810 842 5
9 965 977 13
3 445 448 16
10 896 906 20
4 826 834 15
7 1927 1959 2
3 1450 1453 17
10 132 145 11
9 156 165 20
4 1085 1092 13
2 620 615 20
10 1059 1088 15
2 1932 1938 20
5 51 56 19
5 692 697 15
3 110 113 15
3 636 641 18
10 1710 1720 11
3 503 506 17
8 455 479 19
6 1350 1359 20
2 1865 1882 18
2 125 127 17
5 1438 1474 17
5 1138 1164 13
9 247 258 17
7 1906 1915 17
10 1428 1452 10
6 53 60 19
2 216 218 20
3 1653 1657 15
10 732 778 5
2 1812 1817 15
4 1943 1947 18
4 1765 1772 19
4 1438 1445 17
6 424 454 11
8 209 220 12
6 1980 1977 20
5 1131 1140 14
2 239 263 6
8 237 280 9
5 443 448 19
3 1925 1947 16
1 497 498 18
8 1573 1583 15
10 55 67 13
3 1009 1015 12
1 520 523 16
7 1181 1206 11
4 1697 1695 20
4 947 949 20
5 1629 1637 19
7 306 313 16
9 1247 1286 16
2 213 215 20
3 1152 1156 15
3 974 998 3
9 926 951 13
8 661 671 10
7 278 287 16
5 301 306 16
9 1066 1076 20
5 1650 1657 19
4 786 793 16
7 1940 1951 10
3 1152 1159 20
2 437 439 19
6 162 171 12
9 755 764 16
10 270 296 18
2 1756 1758 17
10 1110 1124 16
2 12 14 17
6 371 381 19
4 228 232 20
10 392 402 19
7 52 59 20
2 295 292 20
4 153 152 20
5 714 721 15
2 337 370 14
1 1633 1638 15
8 272 280 19
2 1051 1053 20
5 1073 1105 18
2 349 351 18
9 144 154 19
1 596 599 20
4 268 272 16
3 781 787 11
5 567 572 13
7 1851 1856 20
6 211 217 20
5 142 147 15
2 1129 1134 10
6 748 754 14
5 1044 1050 16
6 172 182 19
7 1772 1804 13
5 925 956 7
7 1482 1493 10
7 1789 1800 17
10 1055 1085 15
10 324 338 14
2 1825 1828 17
5 1528 1536 15
7 378 389 17
4 252 259 14
6 1708 1741 12
3 1187 1191 10
1 1556 1597 12
5 263 268 16
7 101 108 15
4 1378 1383 20
2 1674 1689 8
3 1669 1698 18
6 1971 1980 10
10 1690 1721 1
3 482 524 8
1 195 206 15
7 1143 1189 19
8 365 376 20
10 115 125 20
5 205 212 16
5 332 337 16
10 1949 1961 16
5 777 785 16
10 289 299 17
7 491 499 19
4 801 818 1
9 523 536 16
1 1546 1551 11
1 409 410 19
1 51 52 17
7 325 332 18
5 496 501 20
8 512 520 13
6 906 916 14
9 365 374 20
7 1219 1230 14
4 654 662 19
4 125 129 13
10 1638 1665 19
5 37 42 16
5 727 743 6
6 296 297 20
10 394 405 13
5 1464 1493 5
9 1950 1994 15
8 1628 1637 13
9 340 345 20
5 1700 1705 13
1 475 476 20
9 201 210 18
3 297 300 18
6 936 945 18
1 146 147 20
3 1878 1885 14
9 701 733 9
10 1584 1622 16
7 260 305 13
1 1830 1831 20
4 1762 1768 10
6 1913 1917 20
4 439 443 18
6 489 495 19
5 129 138 12
3 829 834 17
7 410 417 16
3 1325 1340 5
9 771 784 14
9 1570 1580 18
6 903 920 16
5 1954 1963 16
3 1062 1094 5
9 1470 1482 20
3 462 505 12
6 1406 1403 20
3 622 637 5
7 717 727 17
2 398 400 14
4 208 212 16
10 1073 1083 20
