300
9 402 427 20
4 88 94 20
8 1150 1159 13
4 388 427 8
5 102 108 10
5 894 936 12
7 407 416 14
3 61 76 3
4 1079 1074 20
4 1112 1120 13
2 203 208 15
2 25 27 17
7 849 859 11
10 779 785 20
2 253 255 20
7 189 196 10
5 573 595 4
2 1149 1154 20
4 478 486 13
9 245 258 19
5 1052 1060 18
9 208 217 19
10 172 182 15
5 210 216 13
4 839 846 15
6 1037 1047 17
2 1093 1133 15
5 905 910 16
7 431 449 4
3 113 108 20
4 1050 1057 11
1 447 451 14
1 18 19 19
6 401 420 4
4 62 66 16
10 194 204 16
5 261 267 11
10 147 155 20
5 238 245 10
5 910 918 12
7 255 262 19
9 872 873 20
9 498 527 16
9 1110 1120 17
8 1174 1185 18
9 170 179 18
3 764 777 4
3 379 386 18
5 1183 1192 19
7 162 169 20
6 235 243 10
3 424 427 10
1 182 207 7
4 18 22 20
8 547 549 20
2 327 350 5
6 566 593 4
9 726 737 19
2 320 334 2
2 1012 1018 10
6 747 764 4
8 779 821 14
5 672 680 11
6 402 412 18
7 170 175 20
5 241 246 17
4 1174 1199 16
4 523 531 18
2 590 594 16
7 228 235 17
1 1005 1008 20
7 286 305 9
10 55 65 18
8 736 746 10
3 1017 1021 10
8 65 97 4
10 398 409 18
7 892 890 20
7 111 119 16
6 571 581 11
9 1141 1168 18
1 567 569 19
4 24 28 16
9 701 713 11
9 353 362 13
9 604 614 13
9 73 84 11
6 618 627 10
6 178 184 20
7 35 37 20
4 519 524 18
6 152 158 18
4 72 76 16
4 215 250 4
6 1087 1093 19
10 1074 1088 12
3 1008 1009 20
4 212 216 15
5 904 899 20
10 559 571 17
10 32 42 16
6 271 277 20
3 578 582 12
4 507 549 9
4 321 328 15
4 187 191 15
3 710 717 19
4 801 818 10
9 1033 1045 13
2 257 259 18
3 4 44 8
5 437 446 19
9 948 954 20
8 750 762 19
6 497 498 20
9 374 398 19
3 926 930 11
1 139 140 17
2 246 243 20
2 606 645 8
6 496 521 11
1 1001 1038 10
8 640 660 4
10 840 854 18
5 694 730 5
4 350 353 20
4 1162 1183 7
6 4 10 19
9 191 200 17
2 1039 1073 17
1 113 117 20
3 772 767 20
9 749 762 19
5 428 435 15
2 915 929 4
2 285 288 18
8 1129 1139 14
9 85 94 15
5 474 483 11
7 296 303 19
10 558 570 12
4 137 141 20
8 1078 1088 10
10 161 171 18
10 82 130 7
8 219 227 20
2 647 653 18
8 83 91 19
2 315 319 10
10 164 178 17
1 47 48 20
8 109 121 14
4 220 226 18
7 1007 1018 14
9 1042 1052 15
3 1030 1035 17
1 781 784 13
3 31 34 20
1 769 764 20
9 61 70 19
2 552 554 16
8 299 307 19
4 40 44 19
2 365 367 11
1 857 858 15
4 95 99 18
6 66 73 14
9 19 56 14
3 149 152 18
9 181 190 17
2 153 158 16
2 616 649 3
3 129 132 20
5 322 343 12
3 195 198 17
1 188 192 10
8 746 757 16
3 164 167 18
1 466 501 2
3 705 712 16
10 128 177 16
5 196 201 15
3 135 138 19
5 90 99 19
4 1055 1061 12
6 296 302 18
3 485 485 20
2 410 414 12
3 948 952 16
4 729 737 19
10 326 337 16
6 145 163 5
1 22 23 17
4 279 309 17
6 903 926 1
8 705 714 18
3 312 317 15
4 454 458 19
8 8 16 14
3 411 407 20
1 842 844 11
8 4 13 17
5 101 106 16
3 809 816 16
6 29 59 5
9 932 941 11
1 174 175 17
9 562 611 3
2 240 242 10
10 476 507 1
5 991 997 10
7 1178 1186 15
10 508 522 13
2 169 171 16
6 70 79 16
9 651 694 11
1 188 189 18
6 1000 1007 11
6 204 237 9
8 223 231 16
8 371 379 20
7 912 921 13
9 1077 1087 19
5 1186 1192 13
1 119 120 15
1 551 555 18
3 391 423 7
7 310 320 11
1 49 50 19
3 11 35 4
10 115 122 20
6 268 274 19
4 812 816 18
7 606 615 13
2 1174 1179 12
3 148 146 20
9 745 784 15
7 130 137 19
5 46 46 20
10 409 419 13
7 383 390 18
8 961 969 14
5 663 692 13
9 84 93 15
9 15 24 16
7 739 750 12
7 6 13 19
1 1177 1178 20
5 26 31 16
1 326 328 18
6 69 78 10
5 588 594 11
1 296 297 17
7 146 156 13
6 172 178 15
10 390 399 20
9 136 147 11
4 311 317 10
10 241 251 16
7 770 772 20
5 419 428 12
6 246 256 13
5 698 730 5
1 599 604 17
8 30 38 15
1 64 65 15
9 101 110 16
8 978 990 16
2 1015 1017 15
7 582 589 15
2 813 849 18
5 60 65 20
6 929 938 19
3 8 11 19
9 120 129 17
4 598 602 16
4 622 666 9
10 226 236 16
10 517 528 13
3 625 632 11
3 513 520 20
2 91 93 20
10 427 435 20
9 1179 1188 11
9 15 25 17
1 344 348 14
6 194 200 18
10 279 289 16
4 832 855 3
4 426 434 17
4 153 157 20
5 486 492 11
7 1150 1160 18
10 983 996 14
7 374 410 5
7 87 124 12
8 253 265 20
3 140 143 19
3 462 467 18
9 993 1003 11
