150
4 261 268 14
2 382 387 10
9 144 157 19
6 129 137 12
2 64 67 17
9 252 259 20
9 125 134 17
4 67 71 11
6 457 463 18
8 0 10 12
3 256 255 20
5 569 576 16
7 29 36 16
3 209 235 16
4 123 127 20
5 471 500 6
6 78 84 20
1 312 342 3
9 23 32 16
10 382 391 20
7 124 146 10
3 4 10 16
10 192 205 12
3 366 370 17
9 31 44 10
10 544 555 19
9 435 446 20
7 56 64 17
2 197 202 19
1 339 340 12
6 77 83 19
5 102 107 15
10 372 379 20
3 273 272 20
6 107 113 16
1 84 86 13
9 565 577 13
3 433 438 14
6 380 389 19
7 408 419 10
5 383 392 10
1 34 35 17
2 203 199 20
1 115 116 18
9 78 87 18
6 348 356 17
2 150 152 15
1 460 480 12
2 583 586 11
6 221 231 20
3 379 386 13
3 170 177 12
4 319 326 19
5 222 244 18
1 71 85 9
6 270 279 11
3 1 8 12
4 127 135 15
4 182 186 10
6 500 508 19
7 23 30 15
5 594 632 9
1 179 180 11
8 130 138 20
5 574 579 20
2 169 174 15
3 6 0 20
4 19 23 20
8 115 123 20
3 521 525 18
10 93 105 20
5 558 564 11
9 1 11 19
1 101 102 20
3 50 53 15
3 14 17 13
7 60 67 19
2 393 396 18
10 397 398 20
6 344 351 19
3 456 459 10
8 60 60 20
7 534 544 14
8 13 21 16
7 123 130 19
9 534 578 13
9 529 541 14
1 266 261 20
8 10 18 16
4 366 373 10
8 237 245 16
6 35 44 15
2 550 545 20
10 227 262 5
8 531 537 20
4 384 390 20
7 39 46 20
10 280 290 12
6 408 410 20
2 45 47 20
3 386 390 14
2 122 124 17
10 416 427 16
6 220 226 20
4 11 15 15
7 595 606 18
3 88 108 4
3 448 453 15
7 459 461 20
6 244 253 10
8 27 35 16
6 493 499 15
6 17 13 20
5 343 341 20
3 486 491 12
8 463 461 20
8 31 39 12
10 441 454 18
2 329 334 13
8 59 67 12
9 345 387 14
8 358 366 15
2 596 600 14
7 7 14 15
5 104 109 16
8 50 58 19
2 415 408 20
10 299 312 12
8 299 308 11
7 102 131 20
1 538 543 14
9 557 565 20
3 238 243 16
7 142 149 20
1 106 107 20
7 566 574 12
8 178 182 20
6 585 591 16
10 43 53 20
5 488 493 18
6 389 386 20
3 400 403 18
10 69 104 3
3 32 49 1
10 524 535 10
6 362 407 17
10 113 113 20
10 475 486 13
7 57 88 11
5 576 616 11
