400
2 244 281 10
9 175 197 18
8 875 885 15
5 1077 1085 19
5 39 44 20
1 70 71 14
8 1358 1370 13
2 845 848 17
2 229 231 13
6 87 93 20
8 682 694 19
7 1398 1407 13
9 246 255 18
6 559 595 13
9 128 138 20
2 465 467 19
1 785 786 18
8 1046 1056 14
8 603 614 12
6 978 988 13
3 187 190 14
4 377 381 16
1 1173 1193 6
1 81 82 17
6 1289 1311 2
4 1136 1144 13
1 1389 1390 16
9 1367 1400 12
3 290 296 19
6 266 263 20
6 146 154 17
7 574 612 18
1 1125 1161 1
3 230 233 17
5 1558 1593 1
1 1489 1505 8
9 307 319 10
5 238 243 16
8 577 586 17
4 1562 1558 20
1 1269 1265 20
5 275 280 17
1 1561 1563 10
1 362 373 18
9 1525 1561 2
8 404 413 11
9 1317 1329 15
9 957 1000 19
3 719 723 10
8 1354 1366 12
4 1023 1031 15
1 119 120 15
9 558 567 19
10 346 356 15
5 1341 1364 2
8 905 914 13
9 670 682 20
8 372 383 18
10 40 44 20
1 1443 1448 17
4 1468 1472 12
1 110 108 20
3 23 26 17
6 25 31 15
2 376 382 19
8 1504 1515 15
4 183 187 16
8 434 444 18
2 1426 1432 11
10 966 978 10
6 5 11 18
1 361 362 17
1 36 37 15
7 1255 1299 5
10 997 1018 8
2 1221 1224 16
10 769 810 11
4 1153 1159 16
8 1175 1187 14
4 968 997 11
4 1268 1276 18
3 228 231 18
6 1561 1567 19
1 960 991 17
10 1156 1168 11
10 1451 1462 10
10 122 132 17
6 36 45 13
9 376 385 19
5 1263 1268 17
7 1152 1163 19
6 1287 1305 18
1 1134 1127 20
7 1500 1510 19
3 31 34 17
9 296 305 16
8 383 390 20
6 333 339 17
1 878 915 1
3 539 544 19
6 740 750 20
7 1053 1082 7
10 382 392 18
4 72 76 17
5 295 300 17
6 186 192 18
9 1253 1265 13
7 219 226 19
4 129 136 12
4 539 582 9
5 957 962 12
6 1071 1101 2
2 23 25 12
2 1497 1499 16
3 1348 1353 16
2 1221 1225 19
10 1199 1212 18
5 802 806 20
8 327 335 18
8 1274 1285 14
6 707 714 17
1 1232 1235 17
8 182 212 4
2 399 413 19
2 1266 1271 12
3 76 79 20
2 343 345 14
5 387 392 20
5 398 403 15
7 737 747 19
5 501 506 13
8 1366 1374 13
4 1312 1341 9
4 485 525 4
7 1505 1514 15
5 118 123 19
8 925 936 15
10 1376 1404 17
10 1195 1238 19
3 307 350 17
5 1010 1015 16
7 290 297 16
3 30 33 15
9 175 184 20
4 1268 1276 16
7 656 665 20
9 1476 1481 20
2 903 920 1
1 181 183 16
5 820 829 20
3 44 47 19
8 494 504 14
1 41 45 13
1 61 62 16
9 459 471 18
2 967 969 13
1 1478 1480 15
6 720 750 8
6 213 219 20
1 645 646 11
5 5 10 16
4 383 387 20
1 296 300 19
5 172 180 15
5 761 784 10
10 976 986 19
8 1257 1259 20
1 94 95 18
8 724 733 18
10 1161 1208 12
4 1270 1274 17
8 1278 1286 20
2 1114 1110 20
6 641 661 15
4 479 483 18
2 1173 1179 14
6 1000 1007 12
5 1219 1226 16
1 75 76 11
8 272 280 18
3 249 252 19
3 159 162 18
1 65 96 4
10 1228 1228 20
1 53 54 15
7 1008 1016 20
5 1438 1474 9
2 245 273 6
6 101 110 16
7 366 373 19
1 1597 1623 20
6 1527 1551 17
6 297 328 9
3 731 725 20
7 454 465 10
5 1368 1376 17
4 934 973 8
7 1113 1110 20
10 1414 1428 18
6 871 881 12
10 76 86 16
10 137 148 10
5 965 984 5
5 731 739 19
6 1302 1311 12
7 761 793 2
1 987 992 20
9 136 148 12
10 741 752 16
3 1280 1282 20
8 479 490 19
2 881 879 20
9 173 186 14
7 71 78 20
8 1044 1053 10
6 277 285 13
6 313 322 14
5 897 902 20
1 614 629 17
5 1438 1446 10
4 138 168 19
4 45 49 16
8 980 992 16
5 215 223 15
4 1443 1451 15
10 684 694 13
10 1234 1240 20
5 1476 1484 19
9 1330 1343 17
1 893 911 14
1 1171 1174 10
7 16 25 11
3 279 318 6
9 386 395 18
10 1094 1144 5
5 107 112 17
2 891 883 20
8 1263 1275 19
3 339 342 16
10 930 943 18
5 959 967 14
6 1007 1036 15
5 489 494 19
1 1558 1562 15
6 686 695 14
6 1286 1293 19
2 437 440 16
2 1124 1127 15
3 933 966 12
5 1095 1101 18
1 576 580 17
8 1580 1591 18
7 343 350 20
10 1209 1223 16
1 1026 1031 10
1 1128 1129 19
9 625 636 10
4 892 915 14
7 637 646 17
9 223 232 16
9 3 12 19
2 259 261 17
5 48 53 20
3 957 987 9
6 83 89 15
8 1231 1235 20
2 787 788 20
2 591 619 13
8 1363 1409 7
2 264 266 15
3 109 112 18
4 132 137 12
9 295 304 16
7 338 345 18
8 1410 1421 18
9 215 224 15
4 1541 1545 16
5 23 28 15
8 196 204 17
6 220 230 13
7 806 815 15
6 225 245 16
5 25 30 19
8 32 40 17
6 179 185 19
1 49 50 16
2 1250 1254 14
4 650 654 15
6 472 478 14
3 1278 1282 15
1 479 480 20
6 193 199 15
7 178 189 13
2 162 164 19
9 136 147 17
4 1214 1222 14
4 158 162 18
1 315 316 14
6 43 49 17
1 319 317 20
1 680 679 20
3 533 540 11
5 368 373 19
6 1436 1443 20
5 241 240 20
1 1516 1520 14
9 342 368 20
10 459 506 3
5 1374 1381 16
10 312 322 15
2 759 761 10
9 1575 1588 19
6 848 876 16
6 369 379 20
10 15 25 16
1 1177 1182 18
9 1394 1404 12
8 281 292 11
2 1599 1591 20
3 986 993 18
8 691 700 20
6 1285 1330 4
3 968 1003 2
1 1392 1403 20
8 1097 1107 11
4 1225 1232 16
8 311 319 20
6 1151 1159 20
8 1171 1181 20
3 1439 1445 12
5 37 42 16
7 618 626 12
1 1095 1096 19
4 246 253 15
2 179 181 15
6 280 285 20
8 1397 1441 12
7 581 592 10
8 1386 1396 20
6 327 333 19
7 85 95 17
3 327 330 18
3 244 248 13
9 720 731 10
6 1534 1537 20
10 131 141 16
5 342 349 14
9 1197 1210 20
9 222 233 13
6 910 907 20
5 1362 1367 10
9 1362 1410 8
5 169 174 18
9 84 97 17
8 412 421 18
8 1187 1195 18
3 971 976 15
9 376 385 17
8 1115 1126 11
4 1450 1454 18
1 288 289 20
5 1287 1294 19
10 376 386 15
1 445 450 18
9 1179 1186 20
8 157 168 11
10 958 980 12
8 1166 1174 14
2 243 247 11
9 222 235 12
5 1129 1137 20
5 540 545 19
1 1555 1573 6
4 340 344 11
2 303 305 20
5 921 928 18
5 1417 1418 20
4 879 881 20
6 1165 1175 14
9 1597 1607 13
10 1003 1017 20
1 22 49 18
7 336 343 20
4 475 479 18
7 769 777 17
7 927 935 16
10 204 214 18
4 767 773 10
6 1064 1073 18
4 610 616 11
8 0 8 16
6 102 108 15
5 184 193 16
1 240 241 19
7 1294 1304 15
10 630 662 6
6 482 508 16
5 281 286 19
3 59 62 19
6 1586 1623 20
