100
8 149 160 18
3 352 365 17
6 174 193 17
10 100 114 12
4 329 336 19
3 301 307 14
3 276 283 15
4 85 89 17
4 12 16 16
7 86 93 15
8 3 44 8
8 332 342 15
3 20 24 14
6 12 50 18
10 220 222 20
6 49 55 19
10 197 209 18
10 289 291 20
8 214 244 7
3 316 322 12
7 104 111 20
3 67 74 12
6 27 33 16
8 81 89 20
3 50 53 18
6 259 277 6
9 205 217 12
5 17 22 18
3 20 23 12
6 217 227 15
2 267 271 16
1 333 358 13
3 97 121 6
8 387 396 15
2 189 193 14
1 193 197 15
10 86 96 17
1 384 389 17
3 113 145 18
4 201 207 18
9 303 304 20
1 78 69 20
5 221 230 19
8 142 153 20
3 54 69 16
10 368 408 18
8 92 100 16
5 345 347 20
5 59 81 11
1 67 68 16
5 186 221 4
3 119 135 20
9 254 264 14
9 65 78 15
3 270 274 13
3 246 249 11
3 22 18 20
5 13 18 20
5 222 247 15
4 259 263 19
6 372 389 19
4 75 79 18
5 111 119 19
3 160 165 13
3 331 334 14
7 82 89 15
9 30 43 11
4 322 330 19
1 115 120 12
4 35 39 15
6 68 112 18
10 351 364 20
8 318 322 20
2 211 215 10
10 162 173 14
5 154 162 13
7 10 17 15
7 117 125 18
2 196 196 20
6 13 19 20
8 246 257 20
7 16 23 15
5 33 38 18
8 49 88 8
10 273 294 20
8 53 61 19
6 164 172 16
3 17 20 20
2 66 68 15
4 216 224 13
1 1 2 15
3 29 32 16
4 69 76 19
5 306 312 15
3 258 265 19
4 25 29 16
9 307 319 18
6 337 343 17
3 274 279 11
5 68 77 12
