400
5 72 272 9
4 254 265 9
7 121 365 3
6 218 311 2
5 88 250 7
1 308 337 10
10 131 341 1
5 120 209 2
10 11 214 7
10 102 321 7
1 91 164 9
2 80 257 4
4 356 362 7
7 284 322 2
7 15 330 9
1 320 367 6
6 39 179 7
4 190 234 10
3 311 364 2
2 300 325 8
3 305 336 1
10 223 283 9
5 52 77 7
7 264 279 10
10 295 353 6
9 236 294 2
6 220 352 2
6 139 267 7
2 79 332 2
4 128 190 8
2 41 216 3
2 335 348 5
5 33 161 8
2 101 344 8
6 258 271 2
7 310 328 2
1 56 174 10
9 49 243 10
8 281 319 8
8 257 325 4
2 347 355 8
5 176 188 6
2 56 176 3
1 163 215 7
9 167 307 1
2 166 254 5
1 53 293 1
9 172 219 3
5 301 350 9
5 68 362 10
4 48 52 1
2 179 243 5
1 120 282 8
9 47 356 8
5 80 259 6
6 33 334 3
5 177 353 3
5 217 238 8
5 344 364 3
1 112 217 9
9 204 320 2
3 298 309 10
2 247 322 6
4 13 267 8
3 340 357 2
9 16 361 8
4 99 113 7
5 41 209 8
8 291 296 10
3 255 315 7
10 4 56 8
8 336 352 9
8 176 181 3
7 33 229 5
3 353 363 10
7 291 346 5
5 144 339 7
6 136 337 8
4 204 247 9
8 159 317 1
1 99 209 5
5 209 341 8
7 191 332 1
4 74 100 1
1 300 320 8
10 54 184 6
1 11 350 8
1 329 335 1
2 43 197 7
7 354 358 8
10 175 227 5
7 46 367 3
1 342 343 5
4 64 332 3
7 60 240 5
7 135 199 2
10 162 198 8
4 250 298 4
1 40 246 10
2 109 294 7
8 227 245 8
2 113 145 4
9 278 295 5
8 14 282 4
4 242 267 8
5 57 89 5
6 20 101 4
9 61 227 4
4 284 294 8
3 138 226 3
3 206 253 3
8 104 328 5
4 138 367 5
4 221 340 8
4 224 311 6
3 79 108 7
10 356 359 2
2 29 65 5
6 45 189 3
4 115 195 10
4 329 336 7
4 181 236 8
1 85 284 7
1 323 348 8
3 289 320 3
6 159 330 3
2 233 299 3
10 202 277 10
1 296 306 6
2 347 359 2
8 115 140 1
7 83 287 6
7 105 332 5
7 15 157 8
10 94 214 1
5 275 297 7
9 79 252 9
4 39 241 1
7 320 334 6
2 171 235 10
3 336 345 7
9 27 187 4
1 209 252 1
6 19 351 10
10 28 366 10
6 105 256 4
1 181 314 8
4 235 364 10
4 91 289 4
1 154 213 4
4 340 346 4
3 175 238 8
8 321 331 5
1 97 311 3
7 229 285 2
7 287 297 10
8 165 199 1
1 13 161 10
6 247 263 2
1 266 271 9
5 14 311 9
2 91 171 2
5 232 263 8
7 218 252 10
8 227 272 4
2 261 360 9
2 119 336 7
5 231 342 2
2 329 363 9
10 294 352 10
2 305 345 4
3 262 363 9
8 102 330 3
7 137 313 10
8 232 344 2
5 92 343 10
8 15 312 9
2 150 282 7
6 54 222 1
7 134 209 9
3 272 304 10
7 37 176 1
1 130 274 7
1 302 307 7
9 153 334 8
8 354 363 9
2 337 358 6
6 131 238 7
8 78 316 1
3 174 341 5
1 134 342 4
10 193 252 7
8 14 342 6
1 20 263 9
4 348 360 10
2 335 346 5
5 200 325 7
7 99 299 8
3 87 185 9
9 189 356 5
9 268 290 7
3 144 169 4
10 23 362 10
9 202 344 1
2 338 356 9
3 139 215 7
8 148 266 8
1 340 348 1
10 347 362 3
1 237 332 2
9 89 106 3
1 182 199 9
6 177 329 8
8 294 360 8
4 42 316 3
6 26 81 8
7 204 269 8
9 224 365 3
1 41 98 6
1 91 181 2
6 200 352 4
5 231 254 4
9 328 358 6
5 95 211 8
7 33 196 10
9 260 306 10
6 261 272 6
1 47 271 2
2 270 299 2
6 46 134 7
10 69 76 5
3 155 271 3
7 217 257 10
3 324 331 4
5 125 361 1
7 154 223 6
6 103 277 7
4 33 317 6
6 253 272 6
1 122 308 3
6 75 113 3
4 135 339 4
9 273 281 7
6 26 179 7
1 202 278 5
10 252 298 7
8 7 142 7
10 37 305 7
3 107 242 5
4 224 303 8
9 336 337 5
2 326 329 1
6 78 244 5
5 163 247 9
8 213 323 10
1 237 264 1
4 269 280 5
3 328 340 5
6 111 127 5
6 331 340 7
4 309 348 5
9 132 313 2
4 299 344 6
1 129 220 8
10 21 196 6
1 247 333 8
3 122 169 6
3 321 366 6
3 244 360 10
3 285 300 1
8 137 153 10
3 341 366 7
10 232 341 10
10 38 238 4
6 122 286 1
6 248 256 4
6 221 243 5
2 28 288 1
4 5 333 9
4 157 317 3
10 14 222 4
3 15 29 9
8 214 244 1
4 86 293 3
4 173 260 6
4 305 306 9
8 303 363 4
4 75 166 5
10 322 350 7
8 189 191 4
7 239 360 2
5 297 342 5
10 353 365 7
7 341 349 1
1 301 327 8
2 17 306 1
9 266 359 1
7 241 255 10
1 27 54 1
8 156 183 3
8 174 246 5
5 48 358 4
8 290 325 8
3 308 339 1
9 312 358 4
3 351 363 4
4 130 161 2
1 88 218 8
6 128 158 2
7 204 350 8
5 11 332 9
8 303 326 10
2 266 335 4
7 125 131 10
2 346 356 2
5 201 245 3
8 250 277 10
1 193 303 6
7 80 251 8
3 332 365 4
3 277 339 9
6 220 277 10
2 73 105 3
5 74 252 10
10 60 139 2
8 118 169 3
1 351 354 1
10 51 197 5
10 60 353 10
8 307 320 5
1 134 157 3
9 121 127 1
2 124 340 6
6 173 318 1
9 245 342 6
10 201 285 10
9 237 328 8
4 250 307 9
7 63 114 8
9 207 361 10
1 326 330 7
1 221 297 1
3 148 249 2
2 30 207 4
9 242 265 3
3 14 230 3
2 113 340 4
4 225 286 10
5 133 344 6
3 40 309 3
9 162 227 2
4 249 335 3
9 181 247 9
6 117 187 7
4 50 278 1
8 205 355 3
7 305 355 3
6 141 309 1
6 28 97 8
7 108 280 9
2 133 195 1
8 144 350 7
1 282 334 8
3 130 360 1
10 259 293 4
10 206 318 6
1 187 255 1
10 215 267 3
4 125 185 1
3 268 340 2
5 269 270 2
7 148 182 4
7 87 252 6
9 230 281 5
6 207 340 8
2 187 207 6
2 139 288 1
8 261 314 3
5 13 194 2
5 171 173 9
10 131 360 5
9 157 297 5
4 279 288 5
9 78 135 4
6 97 255 8
6 342 352 10
6 219 353 7
2 33 208 1
10 269 353 8
1 95 338 3
5 112 366 3
3 165 257 2
7 161 336 8
4 66 150 9
3 348 362 4
1 44 91 7
5 274 300 5
5 46 178 5
3 108 363 9
6 199 331 5
