450
6 3005 3012 1
17 1225 1944 10
1 415 1152 2
33 1536 1863 8
36 1237 1705 1
26 599 1010 8
8 1457 1486 3
21 2804 2880 3
28 2791 2891 7
5 1724 1774 5
38 507 2198 2
14 1177 2547 9
20 2514 2755 8
1 940 2747 8
41 557 1704 7
24 1938 2634 7
34 2244 2597 2
12 1225 1452 7
9 2473 2928 10
9 635 779 3
23 1704 1729 5
16 2251 2912 3
32 2977 3073 8
40 1903 2067 10
4 869 2837 5
19 215 2963 4
28 2780 2795 7
34 1319 1506 9
42 53 3104 1
43 281 3124 8
41 2625 2680 3
30 2016 2132 9
2 539 2235 5
22 2407 2831 6
15 1858 1885 1
40 518 2441 8
25 2142 2229 6
37 2829 2983 4
7 160 446 9
1 533 2440 6
4 2147 2915 9
17 892 1203 1
20 349 2671 5
38 2957 3088 1
28 2568 2638 3
14 1881 2727 7
15 265 2855 2
30 2593 2774 8
14 2408 3097 9
8 1134 2396 2
36 2647 2696 4
8 949 3035 10
17 2955 3078 5
14 2562 2673 9
25 1725 1925 3
37 2769 3091 5
31 2220 2939 6
12 1698 2316 10
19 10 591 4
19 1541 1727 9
43 2801 2814 9
40 22 1473 6
15 1246 1715 1
43 2285 2610 2
26 1921 2360 3
23 2285 2553 8
27 2928 3103 4
1 1043 2114 2
29 839 1046 8
18 1289 2321 3
22 1139 2212 5
26 1941 1976 1
23 404 2040 3
18 2670 2830 6
16 2625 2672 8
3 549 724 8
16 1440 3069 2
28 21 2792 9
21 932 1020 10
2 1600 2637 9
42 2025 2127 4
20 1234 2600 3
28 1813 2285 4
16 1449 1843 5
38 3068 3076 7
20 2922 2945 2
22 2667 2979 7
18 771 3114 3
19 903 2531 10
18 1097 1148 4
5 116 2920 10
26 713 2381 3
36 186 1093 6
10 153 1876 10
21 975 2939 10
1 2030 3081 6
7 2054 2406 6
36 1205 2591 7
15 544 2299 3
10 640 1028 1
37 1322 2536 1
1 1160 2368 8
32 299 949 2
11 429 1537 4
24 932 3009 4
1 236 1161 5
36 2543 2939 9
16 352 2622 1
8 2053 2589 2
26 2038 2703 2
19 2216 3071 6
16 280 1542 2
6 492 1654 10
41 2931 2934 10
17 2796 2852 6
22 1671 1913 8
35 1007 2351 4
31 2451 2924 2
8 1390 2598 4
31 2685 3048 4
31 2903 3127 1
23 133 2908 5
6 985 1400 1
22 549 2197 4
42 1866 2644 3
15 142 2450 2
17 2518 2996 4
27 2054 2617 5
15 1449 2788 4
15 1762 2512 7
19 1132 2633 3
28 2272 2950 8
39 1562 2578 8
18 2865 2988 1
1 683 2446 1
21 1942 3115 4
21 60 2681 6
26 915 2223 8
24 1692 3086 3
6 779 2184 10
28 633 1027 8
37 1762 1863 1
7 1658 2105 2
1 578 1728 1
28 512 3019 9
38 431 3118 10
1 2733 3102 1
12 1282 1442 4
26 905 2364 8
4 918 2025 3
32 2881 3068 7
43 2602 3109 3
12 2592 2658 4
34 227 385 9
9 2965 3076 2
34 636 1353 5
17 2423 3074 6
36 2849 2974 1
22 1121 2547 4
22 1494 3001 3
12 1676 2664 9
1 20 2957 7
16 859 2501 10
2 1345 2230 9
36 1753 1998 7
23 2699 3111 6
26 2884 3060 5
1 1251 2049 2
18 1621 2988 9
23 606 1297 2
17 2171 2204 8
18 2269 2291 9
33 775 2393 10
36 2749 3094 7
11 1017 2959 1
38 1607 2670 5
11 2057 2880 8
23 536 1760 3
9 2076 2988 5
14 895 1219 6
13 2729 3034 10
2 2571 2776 5
30 809 2737 9
6 706 1508 9
30 2342 2962 9
30 578 2994 1
17 1170 1579 9
20 2885 2893 2
17 1548 1778 6
21 1181 1684 4
25 341 2277 9
7 2337 2549 4
40 1513 1957 8
36 2150 2366 2
37 697 2106 3
15 2192 3048 9
26 1662 2829 4
14 1971 2503 7
26 2630 3009 1
1 1102 2587 3
23 1849 2215 10
43 2708 2997 5
31 20 476 2
9 2202 2895 7
19 2662 2849 4
37 1607 1765 6
43 3013 3076 2
8 2437 2580 9
21 1115 2688 5
15 817 1705 3
42 2037 2638 10
17 805 2696 10
26 1199 1459 5
15 2603 3000 7
33 1897 2829 7
15 2701 3086 3
31 301 2567 3
26 1543 2436 5
28 2877 2879 6
31 1550 2479 6
13 433 3039 3
11 821 1323 8
18 745 1860 1
41 2764 3041 1
41 1319 2171 4
32 2485 2556 9
16 2717 2732 5
5 1007 2379 5
7 2052 2573 6
30 2094 2291 4
41 1047 2638 3
38 2630 2963 7
41 2384 2857 6
17 118 937 8
36 1060 1801 8
6 884 959 3
10 953 3021 3
32 449 1881 10
39 1403 3090 9
3 147 1802 7
43 2707 2810 4
25 1914 2165 8
19 1261 2939 1
25 1351 1793 6
33 1463 1887 5
20 1592 1818 7
9 321 3069 5
40 2855 3054 8
42 1102 3061 1
19 212 1915 2
23 1815 2599 5
26 2002 2853 2
27 65 1726 6
10 965 2058 9
28 2714 2803 10
35 2287 2781 3
22 3085 3126 10
5 1793 2201 4
23 1564 3070 10
25 1856 3125 5
31 2210 2381 5
39 2482 2555 8
37 403 2837 2
35 426 1019 9
13 524 1114 4
43 445 923 4
43 163 793 7
10 2538 2784 1
9 1995 2529 7
38 3 1408 4
37 1530 2050 2
10 2798 3036 1
7 2127 2964 7
18 3083 3109 8
18 587 3038 10
11 2748 3020 5
8 1364 1419 10
14 160 801 5
31 730 2347 2
39 376 1073 3
1 2353 2575 5
39 316 2517 4
9 1741 2787 2
14 2266 2996 2
1 1490 2212 2
4 1895 2013 4
42 1313 2912 3
5 2917 3039 7
20 1910 2511 7
21 1726 1957 7
21 554 793 2
1 218 877 1
8 198 2570 2
38 1429 1587 4
5 804 1462 8
19 2836 2971 5
20 1831 1898 2
12 1659 2206 2
8 2044 2621 9
21 1883 2339 8
14 222 1038 8
21 1293 2053 6
39 1527 1747 6
37 503 692 3
31 338 2990 8
32 2892 3092 5
30 2052 3023 5
38 1766 2035 1
32 1114 2374 6
14 2178 2192 6
22 2799 2807 4
42 747 1360 4
4 1241 1448 8
34 2984 3106 4
5 1648 2534 2
32 2663 2840 7
39 1638 2458 8
9 1626 1838 2
31 1356 2060 8
8 1275 1360 4
43 105 2273 2
3 752 1865 8
20 1325 2788 3
20 74 2333 6
23 2084 2518 9
40 1156 2653 1
12 2755 2768 10
30 1575 2693 3
29 1248 1643 10
26 442 819 9
29 1494 1901 3
2 491 2265 9
15 135 1847 8
18 1086 2617 6
37 2093 3006 8
36 3077 3110 3
35 1707 2507 3
42 1653 2096 4
28 2653 2680 3
17 1271 2811 1
22 1877 3104 9
4 1308 2785 5
17 244 1895 7
8 213 2716 10
12 2515 3053 10
11 2836 2990 10
22 1800 3012 4
32 581 1525 6
39 1303 3099 3
14 2686 2809 7
10 2685 3128 4
1 779 1386 7
33 1376 2235 8
39 1343 2093 3
27 2575 3009 5
39 2853 2940 5
22 3067 3079 10
17 2209 2858 10
31 1984 3122 8
26 686 2231 6
43 1590 1803 8
22 327 2532 9
18 2771 2968 5
37 534 954 5
42 65 2869 5
39 282 827 8
8 419 1524 4
6 2379 2663 10
40 119 278 7
30 2590 3051 7
25 939 1106 9
37 347 740 1
25 2758 2912 7
34 2927 3026 4
3 45 268 5
5 2544 3121 7
32 453 778 10
4 1073 1577 2
32 3033 3121 10
41 1277 2771 7
36 2176 2657 2
36 1128 2778 5
10 1240 2140 6
29 1928 2885 3
38 2178 2184 10
12 365 1011 10
3 2471 2991 6
10 1651 1986 5
17 838 907 5
16 7 2414 1
3 1726 2577 9
26 1647 2770 7
30 1435 3083 5
12 21 2088 2
17 1619 2448 7
30 1585 2802 3
32 70 684 4
27 700 1572 10
43 1005 3045 1
34 1805 2973 10
11 3027 3043 4
2 1669 2708 3
43 2498 2914 3
43 1020 2123 10
27 23 1359 9
19 2669 2933 10
33 2543 3047 5
4 1429 2055 10
3 2617 2635 10
34 1316 1788 3
18 123 2944 7
31 1293 1414 8
25 378 1681 4
22 1842 2350 3
26 1593 2900 7
37 1291 2866 1
17 2413 2624 7
43 481 1413 10
20 1128 1774 10
39 1543 1874 7
36 1167 1996 10
10 271 2884 5
13 1854 1856 10
34 1795 2625 4
23 2846 3055 5
18 1447 1827 5
38 252 2013 3
37 2445 2747 10
34 2209 2548 8
20 1302 2606 5
27 1810 2362 7
23 1561 2133 8
22 1423 2242 1
4 169 817 10
29 2545 2677 3
30 2744 2883 3
15 660 2617 10
8 246 1856 8
29 2634 2723 3
18 1000 1046 1
27 579 2327 1
9 2059 2272 4
29 2442 2586 5
21 105 2281 9
28 2643 2879 3
4 2428 2740 5
18 2422 3033 10
15 2119 2786 4
16 1653 2867 10
30 2705 3080 7
