200
30 503 990 6
14 67 490 5
30 570 657 4
3 499 827 1
24 801 954 2
29 352 536 9
17 895 1012 8
7 554 973 6
27 847 890 6
6 204 822 4
18 411 1033 10
28 904 1038 9
27 586 972 5
8 553 1069 2
28 531 1068 4
5 549 769 3
19 434 648 9
3 319 880 1
15 940 984 5
18 700 1037 6
27 618 897 10
2 1013 1085 3
4 600 1055 2
11 850 973 5
29 291 577 10
26 1024 1054 8
8 371 614 4
16 850 948 7
7 833 1063 2
24 132 176 2
4 360 1085 8
12 474 1074 8
21 423 535 3
4 220 465 5
17 793 930 9
24 82 1063 2
27 79 798 7
5 538 866 9
6 824 936 7
13 12 386 1
32 546 980 7
1 1046 1071 3
6 759 959 7
9 969 1065 3
15 765 1048 7
8 272 716 10
7 1053 1065 3
14 491 608 4
4 705 986 3
30 422 444 6
24 367 917 6
14 527 573 2
25 591 675 4
21 578 1078 8
29 228 352 1
27 951 1073 6
8 888 893 10
23 313 832 3
19 248 851 1
27 817 1067 6
26 20 505 5
14 645 786 3
11 335 655 8
25 565 643 7
6 491 713 4
6 962 980 4
4 572 774 2
20 138 565 4
22 939 1039 9
1 314 707 8
28 911 1017 4
32 720 756 10
6 560 746 5
28 921 976 6
6 612 815 2
2 741 1033 1
22 375 948 9
16 879 898 7
5 1000 1046 7
20 479 484 1
7 533 625 4
2 98 318 1
8 509 865 5
31 548 732 1
5 872 1043 6
31 656 801 1
12 448 736 2
5 872 1042 9
8 335 369 6
27 233 438 6
4 962 964 10
18 355 657 9
5 194 581 4
23 458 671 7
1 180 541 6
14 944 991 1
26 186 344 4
26 605 859 8
20 503 619 4
26 48 765 1
7 721 966 6
17 92 688 6
6 607 729 7
19 684 1048 7
16 195 488 1
15 376 862 5
22 548 691 9
11 496 940 6
1 700 1015 8
18 968 977 7
6 798 883 10
5 990 1021 5
8 1024 1086 5
2 141 977 1
3 484 854 9
11 762 768 4
1 1044 1072 6
21 153 647 1
27 684 929 7
1 170 863 9
26 1038 1074 10
26 857 1059 6
12 217 1023 5
32 101 691 9
14 610 730 1
15 461 626 8
10 452 759 8
27 288 875 9
1 224 377 2
16 181 541 9
31 141 916 6
22 770 992 7
4 20 125 9
12 462 590 9
20 781 1009 6
4 805 1050 4
4 687 1021 8
21 388 443 1
3 52 1035 1
5 903 949 3
4 780 839 3
10 782 1058 1
17 1052 1053 1
3 152 934 2
21 873 940 8
11 352 967 1
18 39 129 1
29 60 280 3
28 416 834 6
4 348 995 8
12 726 953 1
9 870 913 4
24 226 531 1
27 16 806 8
4 526 1034 9
24 840 978 3
6 489 640 4
30 130 1003 7
2 593 1018 10
4 839 964 4
19 270 286 2
32 442 1026 4
31 765 773 7
23 422 1055 9
32 12 518 7
20 899 974 7
2 982 1063 2
5 294 445 9
22 117 523 9
10 127 314 3
31 377 865 1
26 25 1052 9
7 39 1016 4
26 1038 1048 1
12 109 236 8
31 616 675 6
16 143 361 3
1 488 992 5
15 537 636 7
17 609 760 2
12 116 915 3
5 336 974 8
28 859 954 8
23 205 1077 6
29 269 358 1
18 220 288 7
3 238 424 4
18 102 495 10
12 228 849 7
28 534 909 8
31 872 897 10
20 244 587 6
10 172 1081 1
2 656 1085 7
28 687 950 4
13 470 781 3
20 405 434 4
11 747 902 4
26 733 1059 6
10 431 590 2
