500
22 2285 2363 3
4 2870 2988 3
7 828 1109 2
9 2488 2949 8
28 740 2918 7
26 455 468 9
33 2516 2869 6
32 2381 2453 9
13 107 966 5
7 2510 2571 2
18 2622 3037 9
14 2563 3012 5
28 914 2501 2
8 826 955 9
13 2689 2903 7
12 2683 2956 4
14 1452 2085 1
22 1190 2214 9
12 2665 2959 1
31 2930 3049 1
13 1468 1915 6
15 18 142 4
17 2976 2984 6
19 2520 2693 10
9 952 2627 4
15 2969 3035 2
7 2606 3047 7
5 2884 3076 8
6 208 2043 5
28 778 2159 7
26 2980 3060 4
29 1261 2795 7
14 1225 1318 5
31 1685 2621 6
22 732 2761 8
14 1442 1891 2
33 2628 2662 3
6 431 3002 8
4 672 3024 1
31 1391 2831 6
15 848 1910 1
12 972 1659 4
34 273 1640 8
30 942 1447 8
13 2270 3033 3
8 238 1374 9
27 2367 2876 6
30 230 2281 4
12 2350 2687 10
24 616 1707 5
26 2583 2698 9
15 77 902 9
23 521 1398 9
23 1450 2836 9
14 714 2151 10
10 2324 2562 8
25 676 2988 8
27 2142 2475 3
15 2364 3017 10
1 182 1899 3
22 1233 2094 6
21 1059 2003 10
19 1909 2862 1
3 1621 2547 2
15 1812 2159 3
7 1024 2492 1
26 1540 2382 9
15 2570 2646 4
1 1908 2948 5
28 1693 2311 2
4 1697 2668 2
27 841 2311 2
28 1676 3068 3
1 1618 2530 4
7 1689 2178 10
10 1564 1803 4
22 2527 2554 3
23 1174 1964 3
2 3031 3074 10
17 2062 2637 8
8 1353 2961 2
23 2303 2424 6
25 1271 2728 9
18 2699 2826 4
28 1311 1623 3
9 2951 2999 7
5 2955 2967 1
3 1265 1423 8
3 2795 2859 1
2 1052 1360 7
24 1024 1728 4
2 1489 2034 5
1 1472 1814 6
21 1947 2788 9
32 993 2597 7
7 2460 3065 5
15 1978 2307 5
23 2015 2238 8
22 2136 3036 3
26 2955 3010 8
4 2970 2993 7
7 323 1648 10
14 2583 3076 6
23 84 212 4
25 1076 2739 2
34 990 1297 10
7 2353 2600 8
14 740 1016 8
23 1604 1747 6
29 1050 2058 5
8 1661 2841 2
11 1301 3062 6
12 1980 2383 10
29 2055 2553 10
28 679 2902 4
27 2616 2630 10
23 2068 2154 2
14 2160 2323 10
2 1544 1604 5
22 2562 2946 1
28 913 1844 9
13 1193 1540 3
26 2885 2900 4
21 675 2533 1
23 142 2876 7
21 842 1938 2
2 2804 2908 3
5 640 990 8
18 2749 2811 6
28 2191 2409 8
3 1820 2152 6
26 1058 1110 3
24 2139 2764 3
15 2807 3051 8
28 2146 2800 1
24 964 1699 1
15 1697 2117 4
31 823 2664 6
25 186 1500 9
33 1374 2597 10
14 1052 2921 7
9 2631 2914 9
32 2718 2823 9
18 2448 2605 7
12 1495 2883 6
16 2563 2616 2
5 1094 1504 10
6 2432 3016 7
8 2471 2486 9
13 1542 1626 3
26 2419 2458 5
16 1332 2308 3
28 572 1553 4
17 3010 3031 4
10 374 1595 5
3 1821 2287 1
1 244 2732 6
7 938 2624 2
29 803 1577 2
33 149 1734 6
27 2106 2413 1
25 1512 1551 9
19 1863 2735 10
7 2467 2695 4
34 2027 3055 7
31 1666 2653 10
16 361 883 6
3 1779 2096 1
21 223 1015 3
28 1127 1246 2
16 297 2297 3
28 1562 2269 7
12 2987 2993 3
18 3024 3077 9
11 2202 2662 1
2 2740 3042 10
27 1822 1948 7
1 310 1886 9
1 2271 2737 1
17 2910 3019 5
12 121 2818 8
31 539 2984 10
17 580 2173 9
26 829 2046 6
12 2109 2671 9
11 454 2268 1
25 1805 2625 8
20 2464 2934 4
14 2872 3071 3
22 930 2316 4
7 2148 2542 8
28 2960 2971 5
31 2496 2619 3
28 2072 2128 9
17 1742 2510 2
16 2671 2925 9
21 429 2201 10
32 269 868 6
33 1283 2329 7
4 2951 3064 7
1 1205 2318 2
5 624 2814 8
18 1933 2469 7
19 1501 2066 10
19 1095 1450 4
9 118 240 6
31 1861 2937 4
33 1201 2288 9
13 2432 2668 10
3 2192 2883 6
19 537 1895 9
27 540 2114 4
22 745 994 9
23 1616 2551 8
18 1810 2895 1
26 2616 2951 2
20 3019 3078 7
29 2195 2436 10
26 1649 2363 4
21 1870 1875 1
19 14 843 10
16 1526 2600 3
22 504 2420 7
4 1796 2970 3
29 1197 1436 3
28 1137 2924 6
12 3040 3047 4
32 85 2923 10
31 1233 1887 7
30 1594 1879 6
33 1036 2785 5
5 1802 2411 4
26 1451 1796 7
8 522 999 7
6 2874 3013 2
31 1699 2262 5
32 1137 1806 2
20 483 601 9
25 186 1037 4
21 290 1716 5
8 1475 2377 5
11 473 2703 6
26 176 1103 4
15 1523 2234 4
2 2491 2729 4
30 2112 2346 5
14 1491 2565 2
18 1228 2594 5
26 2264 2546 2
5 1834 2487 8
7 655 965 10
3 215 2867 3
21 2074 2504 6
12 2886 2980 9
30 1732 2436 9
29 307 1028 6
26 1460 2587 6
20 61 2842 1
10 580 956 6
18 2224 2767 4
6 581 2209 9
34 3027 3028 10
23 2090 2178 5
10 41 1641 5
10 391 2086 7
10 1492 2702 1
16 1138 2673 3
13 339 1883 8
30 2987 3004 10
4 2489 2682 6
30 2616 2845 9
1 1952 2569 9
18 1850 2492 8
27 2300 2833 8
33 618 1283 7
28 1630 2101 9
14 357 2526 9
23 1475 2376 4
24 2767 2856 9
14 1980 2290 3
3 1391 2103 7
7 2454 2842 2
5 2352 2654 9
21 751 2491 5
30 2548 2965 2
17 2974 3040 8
32 2255 2959 3
10 2310 2665 2
32 83 2698 10
18 2328 2372 4
2 203 1293 8
11 1242 1722 5
4 1120 1645 4
19 2978 3035 5
19 724 822 10
5 2987 3050 1
24 1652 2053 9
22 754 774 2
34 195 1821 1
21 2750 2818 8
33 2183 2351 6
22 1551 2602 6
34 83 1490 1
5 1885 2031 9
30 2450 2491 3
14 1727 2353 10
34 1804 2216 3
12 2675 2842 5
20 1791 3078 6
13 2286 2468 3
27 511 1859 6
10 756 2693 1
9 1561 2995 6
17 2118 2999 7
24 2585 2841 3
7 895 2809 6
23 1183 2133 4
23 2257 2388 2
26 2862 2892 8
12 1261 1673 6
1 3032 3039 2
6 1491 2054 3
31 219 1406 9
18 900 2398 3
2 1082 2924 4
11 887 2945 4
11 90 1673 10
29 420 2134 3
15 2821 3029 1
21 1883 2135 6
13 1457 1568 4
34 390 2917 5
1 2726 2917 6
4 1723 1871 3
9 297 1233 4
31 705 1989 8
28 2655 2688 2
17 265 270 7
11 1795 2807 4
4 2891 2893 8
3 2560 2667 6
34 28 2883 7
20 2969 3001 2
23 2491 2933 10
8 1111 2235 1
23 1833 2254 10
32 527 2776 2
7 871 912 2
3 2606 2952 2
17 1026 1737 5
1 2603 2900 6
3 668 2188 5
5 455 2345 1
7 2376 2627 10
15 1041 2528 9
32 2955 3036 1
14 2021 2645 1
5 2901 3029 2
29 2194 2336 4
18 433 1125 10
15 855 2708 4
34 1626 2161 2
26 1215 2433 5
18 727 2989 9
12 2302 2910 10
20 1566 2571 10
6 2630 2812 2
14 688 2539 7
18 846 1426 8
3 1592 2104 2
7 1198 1494 9
2 880 2510 6
10 1320 1327 4
6 1171 1456 4
12 2414 2456 3
12 2795 2979 5
28 244 923 1
22 2508 2701 3
10 5 2456 8
18 1289 2799 5
13 2048 2145 2
26 491 2241 4
5 1545 2952 6
6 192 2145 1
6 1365 2659 8
2 2890 3064 8
10 371 1032 2
26 2785 2877 4
24 29 1010 7
7 2575 2639 1
1 1419 1854 5
13 2731 2830 3
23 3001 3008 1
11 2806 2956 1
4 1735 2338 5
29 2286 2517 5
8 2512 2802 9
19 2232 2751 6
20 2348 2968 4
3 48 2531 1
28 2096 2533 6
13 2583 3041 6
17 83 1633 6
1 2676 2858 10
34 307 2677 2
8 1408 3004 7
30 1891 2099 6
23 1016 2030 5
27 1959 2354 8
9 1335 1586 1
30 626 1193 10
12 1735 2520 2
16 145 2484 6
2 963 1717 1
3 2191 2598 10
1 2213 2331 4
28 626 1092 4
28 2181 2717 5
30 2503 2735 7
5 926 1904 10
26 1832 2942 7
2 1318 2263 1
26 2611 2969 8
8 696 1730 3
15 503 941 1
33 98 559 7
19 1115 1406 7
33 1493 1769 7
28 1695 2787 5
12 365 1138 2
31 1057 2152 7
7 1543 1813 1
15 1878 2043 4
26 1458 1961 10
6 467 1468 5
33 772 846 10
22 2869 2960 9
15 2639 2867 10
23 990 2934 1
20 302 2012 6
2 2042 2807 7
21 3008 3068 7
33 428 1131 2
30 2549 2981 7
6 384 1056 5
17 2751 2795 8
11 406 1443 2
26 234 758 3
11 1049 1169 2
2 2188 2290 6
6 1992 2496 2
33 1131 1876 5
13 793 841 4
5 678 2391 4
24 2692 2937 6
21 2782 2979 10
17 238 738 10
29 1988 2192 10
30 1623 2628 8
13 2314 2919 1
21 1116 2392 3
25 1209 2025 8
25 818 2543 2
21 657 1900 4
29 975 2090 5
11 530 1049 7
25 2034 2783 8
29 2553 3044 8
32 1636 2046 1
28 1938 2725 1
32 69 2234 5
9 2548 2586 4
22 1136 1734 5
10 1440 2234 2
33 355 754 10
9 2080 2167 4
12 3037 3056 4
28 2287 2494 7
4 239 2647 9
34 846 2318 7
1 2966 3020 2
29 1779 2050 4
34 1397 2543 1
6 28 1243 7
8 195 1232 9
33 117 2272 8
18 2445 2914 5
1 1064 1153 6
6 2680 2848 10
5 1771 2900 3
26 2785 3032 5
8 2633 2855 8
2 1771 2979 7
5 1749 2082 9
11 998 2085 10
3 2836 2899 2
33 1814 2580 3
27 1367 1564 2
3 308 1518 5
3 801 1714 1
