350
24 349 437 9
10 244 415 6
4 383 444 7
6 329 403 2
8 312 315 10
14 122 368 9
11 90 326 1
8 322 325 6
22 383 421 8
10 263 421 6
9 281 444 3
12 330 433 10
24 105 138 6
22 166 325 10
21 271 430 7
20 228 301 2
18 421 422 4
15 295 382 7
4 11 126 9
22 33 238 7
23 92 306 8
11 84 134 6
9 385 452 7
15 404 457 9
10 182 276 8
21 262 345 4
24 395 456 10
6 204 214 2
18 419 448 1
1 434 442 10
24 57 424 4
4 313 457 8
15 42 337 2
21 147 265 10
5 319 398 7
7 137 267 7
6 383 419 8
9 400 448 3
12 320 410 7
14 44 374 8
13 390 416 1
4 365 385 2
23 424 443 6
20 56 444 9
12 294 461 5
9 299 401 3
16 144 362 9
16 312 330 4
16 413 416 3
1 28 219 9
24 61 348 10
11 79 143 10
24 10 129 10
2 47 208 3
7 31 152 3
17 92 150 4
8 53 60 7
3 58 342 6
14 345 406 3
21 421 448 1
11 53 341 7
6 242 382 4
25 433 461 10
3 55 103 8
4 204 220 5
9 179 227 6
15 128 181 8
2 166 457 8
21 103 343 6
9 200 428 9
8 258 335 2
3 6 370 3
6 425 441 7
18 318 444 7
25 58 124 6
24 157 216 2
6 285 394 2
4 353 445 9
21 340 398 10
2 409 448 9
12 385 426 8
19 415 449 2
6 265 311 1
16 105 448 5
8 43 55 5
23 348 415 4
14 395 410 9
6 20 368 1
4 416 453 7
14 132 353 6
2 52 161 10
21 235 402 10
6 76 342 9
13 285 360 5
20 409 461 4
10 307 438 7
8 305 410 7
22 276 373 3
12 353 364 8
3 65 110 7
4 322 369 5
17 235 440 6
16 269 461 9
5 299 393 5
19 407 432 1
1 244 364 7
3 77 194 7
7 435 438 8
18 152 337 10
6 65 204 4
4 248 325 1
25 40 108 4
3 263 368 4
13 410 427 10
15 98 286 9
22 430 449 2
22 308 331 4
20 330 456 1
7 22 101 3
5 151 221 2
4 346 378 4
13 218 246 4
25 68 142 9
25 1 236 10
4 376 438 2
17 350 424 1
16 53 405 2
8 209 292 2
12 223 422 9
14 195 367 8
2 303 319 7
21 396 458 10
25 272 352 5
3 62 78 10
5 432 452 2
25 423 438 1
10 4 378 8
9 100 257 10
5 112 185 7
2 148 295 3
20 392 411 8
7 178 287 10
17 301 336 3
21 367 443 10
4 146 385 6
5 382 427 5
7 98 190 1
10 19 362 1
13 328 411 8
22 265 431 9
6 315 386 4
23 124 205 3
14 96 188 3
21 284 411 8
10 393 415 5
14 300 404 9
22 246 256 6
9 342 393 5
12 164 307 2
12 363 446 8
3 156 200 10
16 401 445 10
6 335 447 6
19 327 365 4
5 260 427 1
14 259 336 10
25 190 246 4
5 13 458 9
4 385 432 7
20 346 373 7
4 86 140 3
22 321 362 10
11 369 418 1
8 274 452 7
12 433 447 5
4 274 457 6
12 161 349 3
8 93 437 3
2 381 438 8
2 424 426 3
17 3 140 4
7 56 210 2
11 55 166 10
21 255 387 6
9 207 338 9
25 28 174 7
9 39 209 7
2 315 401 9
23 68 307 7
18 97 438 5
1 55 317 3
11 97 213 6
12 433 442 2
1 216 282 7
22 22 106 7
12 137 418 7
11 90 288 6
12 239 268 3
17 144 287 1
7 398 418 6
9 83 407 4
7 46 324 10
24 222 401 7
25 38 368 2
2 235 273 6
4 424 456 1
11 10 318 10
2 363 405 1
22 210 298 7
17 96 386 9
15 225 346 1
5 114 437 10
16 180 204 9
1 178 202 8
14 16 459 1
20 193 232 4
21 273 296 4
16 99 339 1
23 127 415 10
15 354 405 1
7 218 437 1
23 51 406 10
18 311 318 1
5 105 345 2
19 178 308 10
25 361 434 3
17 82 201 5
16 324 364 1
19 287 360 7
16 157 321 10
8 177 179 1
9 369 389 9
14 194 449 3
20 114 313 10
5 234 302 2
4 409 410 1
18 281 445 8
2 111 341 9
15 377 428 3
10 349 400 9
20 213 293 4
19 1 335 4
22 397 420 3
14 142 362 2
25 25 248 9
21 189 415 8
9 285 428 8
24 198 361 3
16 360 411 9
14 345 353 2
14 228 439 3
20 72 362 8
2 390 422 1
12 291 391 10
9 35 300 7
20 343 446 3
15 64 113 8
15 342 361 6
14 139 308 4
10 109 435 6
16 53 121 2
6 243 246 10
2 328 454 2
13 274 328 4
16 229 332 1
4 4 222 9
24 21 296 3
11 398 417 7
19 306 315 3
14 98 209 5
24 384 412 5
14 34 156 4
24 215 405 8
16 115 445 1
22 362 372 7
10 303 384 10
24 388 440 6
19 268 278 8
21 139 296 3
12 111 224 1
17 58 439 10
8 72 78 3
23 120 415 7
24 15 41 1
7 286 455 2
22 261 450 2
11 276 300 2
9 138 377 3
5 189 385 4
14 291 339 8
14 3 449 8
20 68 208 10
2 76 90 2
22 345 415 9
10 157 308 10
12 81 426 4
7 317 362 6
1 144 337 5
16 219 296 6
2 358 362 4
4 368 399 7
4 47 438 8
17 4 375 6
4 256 288 10
11 418 427 10
6 324 447 2
17 254 419 2
17 293 454 10
4 416 439 5
23 154 162 6
4 172 375 6
1 7 72 6
24 94 357 8
17 378 456 7
23 269 432 5
4 111 254 3
24 307 395 10
9 322 412 5
20 52 190 8
5 419 432 5
22 405 418 6
14 37 232 10
22 51 60 9
1 203 366 6
23 403 425 8
22 393 449 1
25 378 380 1
7 135 339 4
9 380 458 3
24 159 190 1
6 352 451 9
17 10 424 7
8 256 411 9
22 183 264 8
4 420 458 10
12 425 438 4
6 107 356 5
7 52 241 8
11 270 327 6
20 190 214 5
25 57 317 6
16 290 380 1
6 250 353 8
18 71 137 10
2 167 298 2
2 73 96 9
18 351 455 3
20 6 21 10
13 297 414 7
1 247 297 5
