100
10 507 684 6
3 232 711 8
7 402 680 8
11 396 578 7
1 248 434 7
5 231 267 10
6 690 708 3
12 441 667 8
8 252 386 6
6 604 722 1
2 84 183 4
10 422 634 10
4 614 726 1
5 115 342 6
1 548 636 2
2 412 544 4
6 295 482 8
4 186 281 2
1 566 676 9
9 678 694 3
4 288 325 1
7 61 524 6
6 684 717 4
4 282 669 3
6 575 662 4
8 186 665 1
10 337 680 8
5 245 502 2
9 468 498 3
8 315 670 10
4 334 432 10
6 17 653 6
4 300 470 4
8 142 579 10
8 338 447 5
12 592 689 1
9 0 134 6
8 591 641 4
7 506 700 10
8 492 720 7
2 156 211 8
6 276 383 5
5 584 683 8
8 251 535 8
7 407 585 5
6 588 690 10
9 340 596 5
2 171 203 3
7 566 607 7
6 62 578 3
10 68 302 5
8 120 529 8
3 95 155 10
1 670 690 3
6 19 245 2
12 462 658 7
2 122 352 4
12 187 405 5
10 544 711 8
2 517 678 7
10 262 322 5
9 657 693 10
4 678 707 3
3 586 629 8
11 201 358 7
1 121 721 5
10 339 632 1
10 313 385 9
6 399 454 1
8 413 666 7
7 287 346 1
9 155 224 9
3 161 577 8
4 149 233 7
3 229 397 6
12 568 634 8
7 517 633 8
3 192 428 2
4 345 542 6
7 359 526 5
4 101 118 7
7 513 549 2
8 395 583 2
1 404 566 6
12 434 587 2
4 466 673 8
7 616 634 3
4 63 454 1
1 470 707 6
9 620 632 5
1 686 721 4
2 94 592 5
2 567 656 5
9 656 682 10
8 505 510 8
7 354 520 3
7 166 320 5
11 644 647 10
8 550 677 3
10 76 611 5
