150
1 13 67 7
13 50 120 6
13 35 60 7
2 5 72 4
12 94 114 7
2 99 108 4
10 22 31 8
3 7 32 5
13 69 77 10
5 52 105 7
16 56 108 8
7 56 114 6
16 56 88 3
15 66 101 2
15 71 101 6
7 14 34 7
16 13 120 9
7 37 54 2
12 67 112 6
5 84 94 1
5 91 97 8
3 76 78 5
5 9 87 6
15 103 107 6
9 47 117 5
14 70 116 4
6 92 109 8
11 29 99 8
14 75 88 6
17 23 121 1
2 21 41 1
21 82 111 2
21 77 102 10
21 49 92 3
2 78 95 7
11 26 110 8
13 76 93 3
17 72 123 4
15 9 80 9
9 20 49 8
19 5 94 6
11 4 42 4
2 94 125 7
13 69 95 3
19 67 124 6
2 74 113 6
1 24 31 9
19 2 87 4
2 84 106 3
5 33 85 5
6 78 98 8
6 59 118 9
20 6 66 2
9 69 94 1
6 13 84 2
11 21 90 1
2 40 104 2
11 33 35 8
13 15 97 10
18 42 101 4
17 45 118 2
20 50 97 4
12 0 93 9
4 47 57 3
19 58 61 9
3 93 106 6
15 4 16 5
3 73 100 8
1 10 70 10
1 87 94 9
11 2 64 7
12 62 112 5
13 8 18 3
3 89 125 6
12 94 95 4
6 5 47 10
16 32 67 5
6 76 104 4
13 8 97 6
14 98 104 8
7 37 103 7
16 77 99 7
17 101 106 2
7 44 50 8
12 68 106 8
7 53 85 1
13 14 59 1
8 39 82 1
18 90 98 5
12 37 101 8
12 41 50 10
4 71 83 1
11 41 119 7
12 28 106 6
16 11 51 4
3 61 81 2
21 21 28 3
21 32 43 3
7 36 50 8
6 44 92 5
20 12 107 1
19 56 87 8
13 58 108 7
12 92 108 9
4 14 38 3
4 12 104 6
20 29 64 3
15 67 108 1
2 2 60 2
5 35 88 7
18 8 87 6
7 0 60 5
21 82 101 6
4 89 113 5
1 97 123 4
15 98 103 6
15 41 54 9
11 41 60 7
17 103 123 8
6 78 79 5
9 54 64 10
15 73 76 9
8 80 117 7
21 25 78 9
9 63 125 2
17 59 66 1
18 25 104 1
12 26 114 1
12 90 96 10
6 82 116 4
11 45 57 10
10 75 95 10
14 49 66 8
16 43 108 2
10 17 85 9
20 55 104 8
11 51 114 4
1 3 38 7
16 45 48 2
8 32 76 1
5 59 89 2
10 15 44 4
3 100 117 4
12 13 24 10
4 47 75 2
18 29 74 2
9 42 79 10
12 56 72 1
15 58 63 4
2 80 83 10
