250
4 458 486 7
2 237 318 6
7 305 500 9
8 374 433 8
3 267 413 5
19 344 447 9
11 202 221 6
1 285 470 4
13 135 306 3
1 312 509 3
17 16 179 4
18 409 465 5
16 460 461 9
16 461 472 7
4 193 428 8
10 123 368 1
3 200 313 7
20 150 284 3
6 425 489 7
2 451 474 7
11 391 413 6
6 146 330 10
13 6 240 1
11 36 177 7
8 31 194 7
3 288 378 10
20 406 436 2
20 288 333 8
12 145 221 10
9 16 460 3
18 44 227 7
20 54 455 2
3 427 474 9
19 447 492 7
5 104 451 2
15 446 471 10
17 89 154 7
12 271 440 2
17 62 362 1
10 133 189 8
16 471 487 3
16 28 463 5
16 268 363 4
12 301 483 7
2 20 288 3
7 158 313 3
10 117 258 3
19 338 396 2
5 24 32 6
16 344 379 9
5 467 507 8
14 25 154 2
20 92 428 5
18 425 426 5
7 306 373 8
19 303 421 10
6 206 374 4
3 336 341 8
20 178 389 9
10 431 433 3
1 250 449 6
11 411 459 9
9 223 325 4
6 315 409 3
12 119 241 1
4 382 457 6
14 272 313 6
14 294 315 9
5 359 466 3
5 226 417 6
20 295 468 5
1 149 351 8
15 145 174 3
1 387 414 1
2 74 492 5
14 5 345 7
12 281 299 6
1 196 207 2
7 325 463 5
20 486 492 5
16 479 491 5
8 33 210 7
19 253 323 8
9 11 64 8
4 404 442 8
8 277 480 6
10 399 507 7
8 369 507 10
20 173 374 1
18 18 384 6
9 57 445 10
2 245 477 3
17 4 480 6
20 277 425 5
6 252 421 7
9 269 462 4
4 244 453 4
6 176 313 9
10 410 461 3
20 404 491 9
2 447 483 10
11 372 508 9
4 111 184 7
11 429 444 5
9 178 390 8
14 377 507 9
5 487 496 9
10 343 448 7
15 414 425 9
10 287 331 2
10 372 429 10
20 2 42 7
15 201 237 1
18 52 472 9
2 401 413 9
4 97 417 3
17 396 472 3
18 359 461 7
7 168 469 7
15 4 369 7
16 80 184 1
6 111 262 2
14 327 423 6
12 334 462 4
3 204 440 6
12 102 173 1
19 417 441 6
7 481 505 4
15 348 433 9
11 416 420 2
1 158 298 7
13 50 411 7
1 127 311 7
9 152 369 6
10 302 449 2
10 223 228 2
4 428 455 7
10 325 508 4
5 23 492 3
18 82 149 1
8 246 394 7
8 324 357 3
11 327 389 4
12 191 468 9
14 272 363 4
4 268 435 2
1 139 350 6
12 184 465 1
8 305 465 1
15 244 405 8
5 419 503 3
2 142 399 2
20 469 470 6
15 484 507 8
19 264 346 9
19 75 151 4
7 350 507 6
17 24 371 4
12 394 471 9
8 2 210 6
19 290 317 4
3 409 503 3
13 472 488 5
7 441 489 10
1 42 476 8
20 133 490 2
12 307 448 6
4 311 483 8
3 92 98 3
4 150 265 6
18 411 423 6
8 281 510 3
17 122 254 5
5 181 206 6
15 338 486 8
2 241 413 5
9 19 329 8
7 77 368 4
10 129 383 7
12 293 421 2
4 455 505 1
8 165 320 9
13 30 290 6
20 175 266 2
13 200 383 7
8 471 492 7
6 81 349 9
5 170 309 9
17 464 477 2
17 386 486 7
11 479 495 6
3 394 482 3
20 414 501 8
2 62 314 3
17 202 485 1
13 72 83 5
20 419 493 10
2 192 449 2
18 302 427 2
7 167 330 5
1 207 389 7
16 237 292 4
13 52 102 5
20 27 85 3
10 436 490 9
15 476 478 3
20 234 296 1
10 18 484 1
6 206 444 6
4 22 126 3
7 86 105 6
17 118 407 8
16 187 414 8
18 489 502 2
16 322 474 8
10 300 320 3
2 223 352 8
6 261 326 6
12 362 367 6
1 128 339 7
12 454 505 9
8 488 501 6
1 63 476 2
5 76 349 2
3 330 485 5
1 350 394 9
7 259 278 4
4 471 496 6
19 241 332 1
18 6 20 8
1 274 425 4
19 70 475 7
9 475 504 9
14 375 476 7
9 226 300 9
18 125 180 1
6 300 485 8
15 56 336 1
5 476 506 5
7 373 425 3
7 427 458 8
5 76 227 10
4 396 476 3
2 292 462 9
17 316 370 10
9 314 467 9
4 432 439 8
7 60 63 3
20 252 437 9
2 446 461 4
