300
5 1014 1797 5
8 767 1954 5
3 579 651 1
7 721 1812 6
4 1118 1934 9
6 1969 2100 7
3 1022 1464 9
9 1938 2076 5
6 66 1420 7
8 338 999 10
7 1784 2022 7
6 778 2027 5
7 1193 1339 5
3 2003 2019 1
2 1551 1580 1
7 1719 1947 8
2 1529 1755 2
6 1865 1948 7
8 1901 1999 7
1 709 1059 6
1 1521 1847 8
6 917 1619 1
8 1239 1348 7
6 1706 1951 4
8 1796 1912 5
4 764 1064 9
2 1943 1950 4
9 1046 1472 4
1 1836 2072 9
8 1493 1602 8
4 667 698 9
8 566 1678 9
7 1026 1496 2
8 1417 1715 3
1 1637 1990 2
2 554 1173 5
9 385 1124 10
9 1521 1917 1
6 2084 2085 8
7 1396 2069 5
5 2074 2089 1
1 1231 1900 2
9 1122 1142 10
1 2016 2078 7
2 2029 2067 10
2 1383 1396 2
7 355 1903 5
8 673 1213 2
4 1425 1793 2
3 1684 1937 7
5 2079 2097 9
3 460 666 8
1 735 1400 9
5 459 1282 10
2 1885 1922 8
3 99 1694 8
1 877 1629 2
9 1968 2097 10
7 1200 1380 10
3 450 531 3
3 647 1278 7
5 1084 1195 7
8 247 1210 7
6 1801 1992 10
4 401 1349 9
2 1890 1997 4
5 280 2000 2
8 267 1197 1
6 1821 1823 6
4 530 660 5
5 1242 1581 7
4 388 610 2
7 1401 1520 6
8 1906 2036 7
2 65 542 3
3 1716 1936 9
1 1837 2046 1
2 703 1530 1
5 1683 1803 9
6 103 555 6
7 644 1018 8
6 1487 1670 3
6 1265 1613 7
4 2041 2072 3
1 1635 1761 10
4 724 1738 5
8 757 1679 3
7 1495 1895 2
9 1570 1674 8
3 988 1642 8
5 1801 2068 10
1 1630 1723 7
6 910 1020 10
5 1472 1938 10
6 1451 1963 3
2 2029 2083 10
6 1996 2057 2
9 582 1045 6
7 1405 1929 9
1 710 996 7
7 98 1091 9
3 2018 2033 7
6 921 1436 5
7 603 1179 10
3 759 1814 9
8 1572 1967 9
3 1867 1926 1
2 566 1219 5
2 1830 2071 10
4 270 1835 3
5 1034 1888 6
4 177 1409 4
9 1211 1651 6
1 465 705 3
7 449 1092 8
5 17 1238 5
7 1939 1981 8
8 423 1190 6
9 2041 2105 7
7 1428 1967 5
6 227 1034 7
7 621 1914 4
6 1554 1788 9
8 389 1257 7
6 480 920 9
3 1148 1849 7
3 1662 2079 1
7 1201 1797 7
1 65 2086 1
4 1779 1970 9
4 314 2094 4
7 1256 1588 9
8 1487 1813 8
8 968 1232 10
9 856 1668 6
6 2010 2034 7
1 476 1267 10
7 1201 1715 10
4 366 1817 3
8 1596 1946 3
7 1683 1704 1
6 664 1631 3
8 1228 2035 10
5 1948 2056 9
7 1535 1994 10
9 1125 1791 1
1 1437 1465 9
9 1913 1980 10
1 405 482 3
2 859 1269 3
9 1373 1705 4
2 855 1568 5
9 458 1599 8
5 1715 1718 7
2 809 1553 7
5 1614 1894 7
4 1046 1998 4
3 1318 2011 3
4 1650 2007 9
4 942 1099 10
1 1791 1951 7
9 1359 1713 9
3 1232 1566 9
6 1499 1952 6
4 40 895 2
1 934 1072 8
3 1033 1256 7
3 1312 2090 8
8 663 1836 1
3 1281 2107 10
3 1926 1997 8
7 1904 2098 10
4 1459 2071 1
9 1798 1812 6
4 1281 2090 5
7 1350 1911 8
4 1923 2058 4
2 323 1165 1
6 728 1745 2
9 1704 1900 3
7 1567 2009 1
6 1633 1706 4
5 2005 2006 7
4 1746 1851 1
5 1675 1692 10
8 581 785 5
7 494 1514 8
1 1808 1824 2
5 1593 1716 1
1 1699 1998 2
1 1110 1618 4
7 1822 1964 7
2 104 483 7
3 2062 2074 5
9 1074 1327 5
5 276 1900 10
1 1129 1153 1
5 426 1545 2
1 1178 1822 10
5 1653 1781 4
2 1992 2062 7
4 1041 2093 3
1 1067 1346 7
9 1818 2014 8
5 466 1457 8
8 680 901 3
2 68 1087 8
4 1862 2003 6
3 297 1379 8
9 1040 1411 7
5 226 1190 6
8 688 959 4
7 1012 1523 5
9 219 1492 1
5 303 582 6
8 2060 2087 8
8 194 1701 10
5 714 1722 5
4 1752 1816 6
6 298 1991 5
8 488 1056 5
4 927 1643 7
5 852 1136 2
7 678 2011 1
3 1569 2101 2
3 133 836 8
5 1183 1340 8
9 833 1777 6
6 929 1131 3
9 949 1118 2
1 1660 1762 2
5 1783 1905 5
9 1715 1769 8
5 1940 2098 9
1 97 1311 3
9 686 1209 8
3 1266 1849 3
8 1080 1948 7
9 1914 2009 1
2 1831 2007 10
2 712 1128 10
9 1813 1843 1
8 1679 1778 4
8 1612 1615 7
8 1710 1941 6
7 516 2083 2
6 715 1442 10
8 972 1817 3
2 218 2044 3
2 1630 1869 9
3 1221 1296 2
9 1083 1735 5
5 157 946 5
2 1885 1975 9
9 1143 1875 4
2 1361 1547 9
6 2065 2087 8
5 729 1451 5
2 1844 2048 2
8 2071 2087 9
5 595 1605 10
2 371 472 10
9 655 1401 2
9 672 1758 4
4 430 1613 10
4 1993 2050 8
1 1761 2095 10
2 351 601 3
5 825 1509 4
1 1030 1802 7
6 1086 1168 9
9 1161 1938 5
7 996 1918 8
4 1440 1645 3
2 422 1786 5
3 177 1846 4
4 895 1218 10
3 171 1888 5
2 16 1976 7
5 184 649 3
6 601 1563 6
4 1994 2069 8
6 1631 2053 8
4 1342 1908 7
8 1140 1340 3
8 404 2070 2
2 214 672 7
1 2083 2106 2
1 872 1643 6
7 1194 1861 3
7 770 843 10
8 1255 2003 10
7 2034 2084 10
7 49 894 1
8 1882 2033 4
1 1879 1989 3
1 466 609 2
2 717 1505 6
7 2077 2095 9
8 483 1152 5
