50
3 132 202 8
1 187 266 1
4 193 275 7
1 59 126 6
1 195 272 1
4 200 204 9
3 121 195 1
3 165 234 6
4 35 87 2
4 227 285 10
3 54 241 3
3 168 259 1
4 151 178 10
4 170 278 4
1 57 211 7
3 66 201 4
4 264 284 5
2 210 231 5
4 144 286 7
1 238 247 10
4 57 179 3
2 45 163 7
3 201 240 5
2 117 120 10
3 243 287 7
2 210 257 9
1 179 278 1
1 255 274 8
2 262 278 6
1 156 158 9
3 28 223 4
4 143 180 8
4 232 261 1
2 143 155 6
2 252 272 5
1 14 168 10
3 233 256 5
4 235 246 7
4 15 281 10
3 60 128 10
2 172 282 4
4 38 102 6
4 104 286 5
2 20 199 4
3 145 175 9
3 251 271 7
3 241 244 7
3 253 280 8
4 132 162 9
3 264 268 5
