500
1742 1208 5605 27
2421 871 6340 59
2490 2478 9433 17
2070 3369 9609 50
1067 1316 3891 86
1988 3091 6190 68
687 1034 1978 4
1867 3693 7160 28
1697 601 4434 74
1743 1740 6037 86
172 3147 4798 71
2244 4673 12746 27
1401 337 2227 4
1660 2207 4050 37
2396 17 3187 77
1822 4958 6929 40
1962 2235 6843 57
1181 2548 6736 46
1091 1818 5779 36
570 4606 6967 79
1127 2324 6072 9
313 4312 6082 58
1976 3547 7307 32
588 3012 5187 45
150 3104 5740 80
1432 3227 8813 23
2216 3428 10522 66
217 2070 2622 46
879 3827 9330 78
1197 1049 3172 75
1183 886 3494 60
1558 572 3583 15
2448 4419 13194 63
2028 3914 7994 38
2335 1068 4644 23
366 3343 6348 38
589 4206 8178 16
1068 1425 3442 85
748 3226 5577 57
1274 1033 3809 5
1524 850 2494 93
529 497 1037 96
1199 3226 4596 6
2230 4189 11521 99
1031 3473 8221 70
1540 4000 7273 72
1565 527 2855 51
1091 356 1495 50
1048 540 2965 30
966 1620 3801 50
2173 414 3508 55
1567 844 3933 37
642 2557 5654 11
224 839 1844 56
132 3511 6809 80
1997 3494 8444 77
51 4562 6191 8
1876 1597 4140 20
317 2161 2928 99
27 606 1024 40
693 4613 7478 55
1975 2501 8137 33
2392 3386 6746 25
178 913 1488 20
311 1518 3049 13
2190 3007 9312 52
220 2286 4497 21
1008 2767 5433 92
1271 809 2170 98
857 2236 5884 63
2418 4870 14515 95
1594 473 2446 68
90 2828 3498 59
2063 2593 5380 90
435 412 1621 34
1905 4614 6811 79
58 2726 5329 65
1328 2133 6647 61
249 4425 5819 53
1151 1066 2702 22
415 1784 2434 86
2010 2612 6978 43
902 2960 4402 87
2329 4192 8489 6
981 1764 3061 34
936 4288 5997 81
53 4338 6649 69
910 2004 5727 48
1682 2311 4623 17
1331 2430 4827 20
98 34 150 69
425 4959 10736 63
1915 4252 11507 25
866 558 2207 85
1096 1042 2769 51
1341 849 4208 32
1595 1092 3529 90
1012 3729 7207 10
413 4486 9416 8
1650 342 3111 92
344 2787 3809 49
1607 2082 5363 93
2211 78 4098 54
2483 2557 6119 36
1356 3383 5149 9
500 2820 4980 42
479 2677 5490 49
902 1889 3192 21
849 2233 3489 65
1810 3571 9290 67
1586 3747 6690 95
1748 1592 5169 72
1636 644 4194 78
2346 603 5665 12
1802 1852 4064 45
1877 3372 9767 4
1820 3931 7378 7
1296 3848 6151 46
229 993 2391 89
88 4139 7630 13
719 3073 3855 59
1684 3549 9348 11
831 3187 7074 69
1196 3033 4970 84
1710 4631 10880 28
142 2095 3619 71
713 2763 6262 11
1104 2863 5338 62
203 3871 5082 30
522 1192 2916 92
1087 3789 7904 75
1885 1852 6689 86
2425 302 4332 23
170 481 1181 96
475 3154 6565 5
729 1575 3621 100
1102 3368 4614 83
1114 4508 7538 44
2099 419 4156 1
1815 583 3149 32
1122 3195 6714 50
922 2440 3556 26
2370 469 3907 36
722 1022 3335 80
2258 252 2991 64
1947 833 4282 35
1793 4040 9942 42
2207 4226 9854 61
1291 1178 4030 47
339 1389 2144 85
359 119 880 72
102 4644 5039 44
2345 2181 5939 16
2418 803 6429 31
1555 4775 10525 89
2498 737 3696 34
2312 2845 8132 34
1398 4247 6381 20
1167 2291 3855 27
1391 3285 6080 19
466 2378 5383 4
623 3067 4197 59
147 3725 6687 33
8 4841 5724 89
1754 3369 5781 100
1344 4919 7359 63
1608 4352 7774 57
956 4214 5448 100
716 4918 7230 57
2072 726 3186 74
1923 4733 11953 87
1003 196 1811 94
1691 4587 10600 38
247 4952 9037 49
896 753 2925 49
630 3878 6611 28
1373 749 3731 77
1768 3415 7051 70
688 4161 6880 70
1987 1542 6061 60
458 4388 7708 31
1119 1074 2482 33
886 2414 6441 18
1979 152 2425 48
155 2376 2610 23
170 604 839 49
1173 2405 4284 59
1368 3420 6098 37
1862 2650 6507 74
710 2413 5108 27
2367 2904 6102 97
1657 25 2669 45
1169 142 1784 59
1424 4125 6799 77
1543 3482 5040 10
948 2570 5674 10
181 3394 4646 55
195 796 1744 98
1844 551 3637 73
1907 3483 7717 47
1186 4483 9887 42
1574 4235 11400 79
1540 4851 10169 92
1821 1528 4314 70
1199 3553 7531 29
285 2775 6044 43
582 2534 6130 100
2338 1107 5028 85
817 1549 2818 31
401 4117 4848 92
1883 2327 7519 64
1656 2898 7092 22
992 4801 9888 31
465 4438 9750 38
921 738 1858 5
569 2709 4203 58
1623 4530 7994 50
204 717 993 53
2047 1857 6708 16
714 4591 5904 89
1083 574 2189 27
114 244 616 13
2443 4423 9621 64
255 1525 2471 31
821 3136 4872 62
852 1364 2543 18
2375 4346 7877 78
761 1454 3536 60
120 433 1021 83
353 2328 4494 81
559 3948 8427 21
1074 1657 3180 21
2451 827 3854 70
2122 974 4880 16
457 4302 9005 6
1519 2152 6631 80
17 4221 4641 66
814 930 2122 65
137 2205 4388 63
1422 2710 6481 81
689 4985 9174 18
1479 219 3013 29
453 3631 6009 50
76 3875 7733 92
1410 1521 4014 72
696 4036 6849 46
959 97 2059 87
1628 882 3751 92
2359 2765 7278 39
2279 2141 5272 81
55 759 1177 7
584 1690 4027 61
1536 4398 6879 86
1444 1974 6600 56
1700 4353 10525 25
34 3816 7014 77
2218 239 3050 12
716 142 1406 57
1109 2892 6535 100
1156 4431 7254 36
814 2956 3775 65
2030 2150 5016 27
973 2614 3753 13
1566 3153 8749 4
366 3539 6606 100
2138 3968 11651 4
315 1120 2369 62
1466 1996 4480 62
1647 4964 13071 59
2060 4219 8951 32
2287 4921 14413 19
1189 2892 5155 41
2147 1466 6616 33
2080 3168 9449 11
951 3716 6531 50
176 4871 8291 57
1246 2253 3639 67
897 2272 3864 100
1673 252 3054 23
1815 1384 5265 13
2239 4350 12020 82
1918 216 2709 27
132 3874 6615 58
1728 3602 6574 21
327 1629 3503 25
1708 1055 5099 53
403 3770 8234 75
180 1795 3398 41
2011 4816 9002 8
1359 4685 7288 49
2208 4071 11946 36
1654 1417 5639 58
2086 3232 7867 21
238 384 1096 51
1990 2188 4216 12
1487 742 2270 8
1144 170 2082 27
2084 254 4600 16
1497 3536 8804 93
1490 2453 7402 27
648 3541 4453 21
1806 1157 3733 24
86 4610 6240 29
1009 4652 8339 79
1269 3632 7382 54
1899 1757 6651 89
623 2034 5274 41
1252 2123 6109 28
1332 3968 5752 57
1834 1341 4278 14
380 2793 4089 71
2038 1523 4093 53
1214 3912 5291 37
611 3921 4656 12
529 2570 3249 14
1607 85 1820 39
1649 2674 5252 47
1728 4884 10247 80
150 3207 5941 10
46 3888 6495 1
1685 3628 7509 2
1474 2587 6503 17
1484 4139 7433 8
1929 3113 5776 66
2014 2877 6751 80
961 2580 4063 8
1304 1754 3187 40
809 2046 4846 42
649 4785 8337 21
647 3951 7760 42
824 1114 2021 40
2393 3204 6560 89
1518 1480 5919 73
2007 3259 6711 17
215 2259 4329 60
2190 2851 9568 48
1630 2954 6019 19
24 3695 7010 81
1002 1672 4228 70
1581 1074 4757 42
815 1251 3747 44
642 1207 2139 16
1858 4328 9265 13
668 4152 7766 40
1749 1151 3721 31
2292 4984 8558 48
2446 808 6431 32
1191 3863 10044 3
1365 2189 6350 46
996 907 3173 66
1665 3955 7349 48
386 1653 2954 7
2435 4460 10585 10
1831 578 4427 85
860 1966 3795 38
2432 2632 7546 83
2302 3080 9330 23
2065 1529 4334 84
1649 918 4774 85
1231 1801 3884 42
535 3742 7973 78
2231 4140 12647 63
2498 1639 6696 15
598 4870 6903 98
1637 4257 10846 67
844 3228 5155 53
1413 1435 5593 10
1966 3046 5722 16
186 3657 6402 60
2126 3472 5983 44
476 155 898 46
1046 239 2264 26
298 3522 6842 85
1431 2828 7762 30
1376 575 3224 20
300 491 1344 79
1366 2873 4428 48
1965 2020 6461 83
2373 4779 11153 91
1184 824 3925 28
468 4753 8286 45
40 101 166 75
2407 2377 8430 60
389 1987 4329 96
203 3927 5807 50
51 905 1211 26
683 1176 2525 68
1723 1461 6362 26
157 1599 3316 80
846 2073 4016 88
1303 2388 6670 21
1180 1120 2767 55
1701 3343 7211 7
937 1776 3567 94
414 3079 3677 3
297 846 1447 65
2398 2223 4711 44
472 4224 8070 33
249 562 970 36
1834 3339 6693 88
1009 3355 6933 90
853 377 2252 95
1113 4763 9341 50
1546 4538 10382 27
2086 3052 5804 95
1633 2608 7492 2
1459 3007 8801 29
1689 656 4217 31
808 2611 5236 65
1656 1137 4628 66
2419 4876 7396 40
1542 1073 3009 34
2010 3009 8738 18
1491 457 3473 7
1956 680 3681 50
2301 3017 9166 15
1819 417 3539 9
2486 2308 8488 94
1863 3219 5784 54
2126 4079 7074 81
1884 41 2474 34
2009 4145 11893 83
141 3816 7135 54
485 3154 7141 8
840 648 1547 78
1379 4660 8686 8
1251 772 2985 59
1415 4294 10713 32
1983 3452 6732 2
595 4266 9505 83
991 155 1631 71
1075 4906 7648 85
1509 3542 5896 96
1126 4688 6923 10
2095 554 3191 43
806 1302 2495 23
422 4930 6433 30
664 1893 3912 42
385 534 1044 59
1875 2285 4972 73
694 3531 6408 48
1203 374 2098 3
2381 4526 7166 72
197 2530 3383 27
206 2218 3398 51
1539 4908 8431 66
101 1557 1916 60
88 1148 1938 24
498 4885 10399 22
1710 4374 9436 74
1920 2330 5914 98
1290 4185 5780 5
1643 3684 7144 26
1743 1355 3974 33
1782 2519 5937 91
1355 3931 9195 89
288 2393 5009 89
52 1983 4068 2
2017 3652 9967 51
1501 1681 4891 43
2353 3404 9530 58
758 1525 3972 56
1561 3863 8027 51
1518 1768 3517 54
2217 3733 6264 34
768 1661 2825 23
1533 1840 6594 48
1305 2768 6511 18
525 2506 4150 84
2364 726 5461 86
276 143 558 39
1482 4360 10013 77
924 929 2763 93
317 4968 6554 8
1152 2784 5816 61
196 4552 6429 7
528 3674 5900 81
785 4749 7730 41
2131 2524 5263 97
177 885 1485 73
275 1529 2090 3
1814 1715 5525 26
782 1551 4610 91
668 3365 7180 93
432 1477 3605 57
2158 478 3337 21
561 2185 4023 42
312 2344 3722 6
1135 4513 10252 75
117 704 1404 95
9 3464 3991 22
1665 3000 6054 21
619 1234 3466 22
1120 192 2133 18
1301 3894 9270 100
2256 3052 5350 19
789 459 1352 20
1873 162 2476 19
61 3329 4158 82
1524 3033 6386 14
