350
764 2439 4960 61
1363 2262 7221 16
990 1749 5357 45
1720 178 2448 31
616 559 1740 6
335 1890 3464 14
446 1133 2739 42
878 1057 2167 68
1069 3449 6409 59
437 206 1147 88
1233 464 2239 65
1208 709 2723 76
742 2720 4491 41
1694 1683 4449 39
368 2495 3230 81
858 666 2397 23
728 50 1030 90
232 3407 7223 40
572 212 1134 34
702 1639 4139 77
714 1975 4132 93
1652 1012 4632 86
434 3017 4293 89
831 385 1253 64
265 1663 3694 95
794 802 1711 76
1556 158 2950 97
482 1405 2636 93
1088 1619 5276 87
1485 2305 6486 25
1545 538 3189 61
194 1828 2650 70
900 138 1616 46
1621 2834 6654 84
1418 671 3748 82
530 419 1311 16
371 226 1161 78
869 655 2654 11
769 1141 2505 74
1557 703 3401 25
1408 2490 4598 53
1676 122 2392 65
568 457 1914 71
122 2874 5341 90
1613 3227 7751 25
414 2096 2819 75
1309 1400 5243 96
1237 2896 7091 58
226 2934 5285 25
873 1673 3355 93
776 1882 3680 92
1334 178 2263 12
191 1103 2533 2
684 209 1539 61
1233 275 1801 58
1519 1384 4726 44
1366 3402 9407 12
1180 2365 3705 19
1446 681 2361 75
188 2510 4997 10
1196 578 1986 50
337 505 1315 91
358 1404 2597 15
808 3333 4948 59
95 2996 4917 37
1496 1015 4515 88
1730 3314 5184 31
379 331 868 39
445 2738 5515 25
911 2015 4204 77
1339 1011 4011 59
1235 3374 5749 19
1519 66 2293 56
696 1162 2890 77
1325 3199 7851 20
1125 929 3282 99
901 2778 7106 68
858 2955 7172 18
758 1150 3569 86
352 1682 2376 61
257 1334 2281 36
1476 3163 5549 22
385 3411 6658 44
603 3047 4685 48
1589 2376 7532 49
1351 867 3721 93
178 2132 4604 64
253 2648 4547 30
437 373 1369 25
485 1789 4155 22
801 2619 6376 66
1512 3148 7045 20
234 2406 5228 9
490 156 850 99
685 1189 2494 60
889 330 2119 26
887 3170 7939 3
772 1824 2773 46
450 3224 6297 56
1209 854 3306 68
1343 2471 6587 10
1435 378 2303 42
1737 1434 5785 52
782 3433 5433 72
31 2117 3088 36
1512 1877 6450 44
1684 1623 6429 33
1588 2679 5696 72
605 3139 5531 91
696 1114 3122 41
1352 1870 4372 47
1367 2842 6828 27
205 3434 4370 82
1404 2069 3844 50
547 2960 6884 83
394 2932 5820 24
1588 2647 6450 47
258 1912 2412 13
1630 2896 4538 56
920 2222 4642 100
793 1859 2978 66
1521 1108 3909 28
853 1406 2945 60
879 1250 2496 78
487 1571 2142 3
86 571 1208 33
1136 663 2849 100
833 1411 3547 8
891 265 2294 84
1214 1286 4511 45
1136 1119 2781 91
138 2585 4118 28
581 3384 4592 35
326 1591 3548 17
257 1129 2338 42
729 341 1200 67
411 2383 3510 24
209 3293 5671 6
1066 2806 6793 64
1048 147 1290 97
1475 129 2454 46
598 2931 3952 66
1692 3428 9123 96
1737 1325 5183 5
807 2301 5170 78
332 954 1699 34
559 3354 6864 20
1181 2151 5716 7
1057 1627 4589 2
1390 814 3716 67
1341 2864 6855 97
1515 1976 6089 91
1278 713 2395 40
1384 2766 4175 26
1182 3356 5465 90
1648 608 4124 56
1683 1483 6208 74
12 1628 2269 65
1676 1317 4863 35
1648 1894 5652 33
590 1648 2437 59
592 772 1590 1
1366 1051 4408 25
1653 2660 7952 97
960 2401 6442 48
1372 3081 6986 99
945 768 2009 11
1038 2510 6816 12
1667 2963 8862 48
1537 2244 6525 16
1297 2628 6597 89
720 3347 5116 90
423 1546 2642 18
761 724 1786 39
1548 2068 6260 65
650 214 1422 92
161 1067 2404 91
825 1049 2357 53
453 3078 5759 14
1439 2927 5368 68
1713 2653 5748 16
1669 412 3257 17
505 1763 2938 94
1607 3344 6793 70
39 2485 3129 87
960 239 1349 41
447 3425 6430 71
981 2671 6548 81
420 2556 5412 70
410 1572 3062 49
677 2599 3953 41
1431 3371 6542 25
1320 3251 8180 67
88 3151 5350 28
1200 20 1903 84
1668 2779 5161 100
856 3444 6010 98
1630 2929 6274 89
676 3203 5296 13
477 862 2142 92
1155 543 3294 48
1093 3294 8559 83
176 2632 4354 54
1250 268 1822 27
294 871 1418 79
1128 2563 6375 55
390 548 1742 79
954 2064 4140 32
1069 432 2236 43
1477 1102 4903 92
1560 2094 4199 5
832 454 1340 89
1665 1525 3418 6
1153 3155 6617 40
1673 822 4317 5
204 2311 3863 27
675 2318 5941 25
1363 2822 5879 28
550 2054 4508 83
428 1489 2812 34
669 2537 4636 64
1013 2831 7336 83
961 1783 4787 72
477 2771 4165 50
953 1439 4670 70
43 2797 5207 35
337 3216 5725 8
717 1606 4035 34
1572 864 4865 18
1457 971 4562 40
1528 1841 4308 56
918 6 1640 86
910 106 1579 86
231 1055 2033 83
174 1954 3392 11
766 1697 4582 82
223 1524 2925 72
762 1092 1913 96
776 2519 3982 67
1745 2930 6757 18
1597 1545 5614 6
564 839 2493 64
360 2039 3420 69
788 2830 4300 36
965 3082 6597 2
1627 627 3085 92
1164 442 2184 64
397 245 687 44
1645 2402 7716 21
374 223 894 86
473 3118 4123 94
1493 221 2544 12
1356 1756 3375 69
1420 278 1827 99
857 1875 5375 9
1715 2768 5012 17
515 824 1655 17
1400 557 2017 25
1281 1736 5144 57
1513 486 3595 44
554 1258 3435 22
115 1716 2442 88
43 822 966 54
947 3138 7837 46
577 823 1839 26
1325 1524 5240 66
1026 1055 3182 28
596 1105 3243 90
1509 3020 7490 21
983 2477 6281 44
1318 318 1730 57
302 691 1643 19
1317 538 3021 55
883 3300 7393 94
507 799 1914 97
274 1939 3820 13
819 750 2772 69
510 319 1484 64
357 2444 4679 67
1108 406 2080 81
858 3241 5946 29
282 62 468 4
1450 888 4332 82
1562 2360 5475 35
495 2053 4503 33
1340 1531 5255 55
510 1703 2381 41
884 2566 6084 78
476 3154 6634 74
1401 201 2579 15
1361 62 1706 65
1727 2806 5485 48
363 3236 5431 32
451 1926 2617 66
286 1078 1514 20
628 127 1179 60
431 3058 4373 14
1589 3088 7267 83
172 133 336 79
423 1672 2268 42
923 173 1135 78
1182 3453 5238 25
1654 921 2701 95
953 375 2593 20
1089 3145 8195 53
1399 2617 4435 49
176 2823 5738 44
1050 3049 7119 20
1414 2137 3871 20
753 882 2383 51
863 1169 3276 72
1217 1664 4810 62
1413 705 3912 50
835 841 3094 51
296 2823 5834 94
1545 646 3654 31
612 2631 3962 3
97 1564 2286 20
25 465 828 8
562 3126 4075 63
469 1583 2859 33
1115 1195 3716 41
608 2497 4617 14
1239 773 3900 60
547 2129 3821 31
1605 1125 3249 94
1089 515 2686 50
249 2383 3333 87
700 1834 4810 88
403 402 1075 62
394 1513 1931 63
186 889 1098 96
1519 2255 7023 24
1734 2305 5781 51
952 2720 6828 76
727 1337 2488 4
161 2248 2482 7
429 1787 4185 99
274 944 1918 62
1079 1005 2233 22
105 2452 2755 21
497 3043 6273 51
269 70 367 24
175 298 490 12
593 993 2632 91
871 1546 4699 24
277 1443 2023 32
275 1345 2183 58
1212 2018 5554 15
788 703 2603 75
