100
306 50 666 6
315 134 501 22
242 758 1104 76
188 370 659 69
239 576 1279 62
78 980 1504 14
163 906 1409 76
192 290 702 43
214 257 614 19
421 160 965 8
297 588 1718 72
207 165 651 14
49 691 994 93
389 27 797 45
308 683 1185 28
118 575 811 37
361 672 1153 97
167 591 951 55
55 779 1026 99
306 989 2025 6
218 950 1529 1
104 412 873 34
447 366 1066 95
3 13 19 98
241 790 2010 15
23 747 1092 39
19 522 631 74
21 245 322 48
243 187 811 14
62 404 636 78
268 318 628 66
494 775 2223 89
373 104 490 21
201 595 1404 84
431 780 1837 23
88 807 1329 4
258 94 609 58
142 282 733 59
359 321 854 7
68 416 835 72
124 282 576 37
148 141 384 1
65 537 1116 26
137 268 483 19
29 836 1725 86
268 698 1442 26
132 315 592 64
285 971 1495 31
229 699 1320 47
411 56 745 50
449 300 790 22
149 846 1581 70
152 79 358 5
18 410 709 19
486 198 1037 59
288 834 1210 2
266 473 1003 16
433 93 557 81
239 269 719 94
431 207 1101 17
291 20 458 99
280 452 752 4
459 407 1671 80
179 429 1048 47
88 714 1393 95
219 684 1233 33
327 346 904 39
396 389 1009 55
361 843 1228 16
376 757 1463 27
261 175 562 96
27 598 1163 95
123 935 1153 83
4 164 278 71
460 893 2109 97
54 811 1632 57
317 629 1892 85
113 720 1160 20
262 172 481 6
418 480 1615 99
497 913 2768 2
322 373 1192 30
313 379 877 85
81 435 815 40
176 534 1289 31
339 786 1773 7
134 444 968 54
19 217 465 31
84 179 433 98
368 981 1807 54
166 133 444 69
402 218 989 97
25 454 706 9
44 188 353 55
41 79 176 69
438 323 958 82
51 493 643 50
148 87 379 6
200 127 654 17
480 586 1499 64
