200
219 178 438 39
679 441 2102 11
822 1491 2759 20
434 424 1258 32
631 1272 3036 80
359 1742 3638 23
214 1148 1968 12
954 844 2202 3
439 907 2273 14
376 802 1848 42
589 1659 3700 10
726 556 2483 16
627 1708 3190 6
430 995 2186 20
655 1446 3507 10
213 459 737 53
667 245 1109 28
506 1206 2154 85
113 287 585 4
542 832 2382 6
924 1115 3857 31
421 90 595 30
131 1349 1726 35
779 1678 4697 28
283 1982 2722 27
424 1559 2444 30
680 1892 4624 3
502 1871 2430 54
957 1661 4624 66
769 3 814 60
965 1783 3808 17
379 1020 1798 92
81 1954 2166 43
983 1968 5294 30
5 10 26 38
715 1879 5041 42
754 1120 2169 82
564 1354 2079 46
392 1434 3188 9
438 551 1281 15
658 283 1484 3
50 1078 1847 69
849 207 1751 86
219 971 1362 30
929 1455 2429 52
753 1379 3827 37
201 233 506 64
892 369 1269 17
62 1937 3231 97
242 1161 2220 4
81 1423 2842 73
271 1828 3912 77
655 1194 2207 66
370 1317 2070 30
372 1458 3119 80
242 231 569 9
455 204 827 99
719 1573 4246 37
607 338 1033 74
650 1147 2264 10
38 1568 1744 42
118 886 1167 39
428 1207 2370 59
420 451 1577 100
433 126 1118 99
987 1404 3590 36
1000 893 2297 61
295 1843 2602 91
486 1116 2240 19
107 1751 1913 34
326 1565 2790 97
288 1418 3298 14
269 225 768 86
235 416 1148 83
763 22 1408 59
473 1043 1589 11
543 1674 3429 32
502 736 2179 68
390 1042 2678 78
390 1239 2945 41
34 1345 2452 91
349 1779 2607 54
684 473 1614 67
626 391 1823 54
373 1975 4012 43
369 1446 2964 83
648 567 2246 93
593 990 1621 38
734 175 1581 60
371 752 1546 1
905 419 1853 21
595 699 1491 62
625 1364 3494 23
58 1258 2299 44
369 640 1081 39
764 1194 2518 48
431 1832 4388 65
792 279 1795 33
871 894 2818 16
739 1685 4371 18
734 320 1990 24
9 1401 2160 3
359 379 903 64
500 687 2071 47
329 216 706 15
730 670 1697 20
586 1244 3282 44
250 1676 2470 24
525 1685 2605 35
213 121 361 3
811 209 1378 6
859 575 1495 48
147 885 1394 61
644 1370 2376 69
114 692 1157 50
153 1477 2026 98
984 384 2464 1
796 1565 2520 5
598 42 1099 17
519 463 1629 41
718 1572 4182 59
596 940 1878 40
375 1952 3076 33
682 253 1021 30
268 1047 2509 65
236 974 1448 71
368 1098 1838 17
449 215 869 82
436 1267 2081 15
15 146 315 51
52 781 1613 18
132 872 1381 66
772 265 1168 9
674 915 2555 26
551 490 1267 96
939 1345 2358 79
590 1265 2239 94
540 188 1328 90
536 1943 4239 74
591 1149 2484 71
339 30 378 77
412 775 1217 99
639 312 1514 39
571 466 1611 20
885 1214 4155 89
199 1069 1651 43
996 958 3373 81
436 259 983 27
925 23 1876 90
782 1220 2418 71
355 1569 3628 34
290 1712 2952 21
386 743 1258 81
833 379 1938 18
85 1312 2345 3
884 1024 2492 34
514 1485 2372 56
245 1141 2586 15
788 1630 4214 27
414 1369 2753 70
112 1713 3212 51
468 691 1698 16
378 711 2079 11
501 133 943 57
239 1030 2500 52
483 606 2177 70
142 937 1386 51
381 1949 4570 40
435 1479 2899 38
851 1659 4507 48
296 677 1294 95
302 1517 2133 57
920 766 2352 38
96 815 1180 62
755 1654 2461 32
478 184 1156 60
766 1686 2575 84
778 977 2595 24
637 1043 2298 27
945 888 2031 21
693 1683 4729 38
866 653 3001 44
519 1724 2371 42
796 269 1339 54
405 1286 2540 82
278 856 2086 67
787 369 1752 27
331 1140 2024 17
525 753 2154 25
407 1509 3350 79
156 1532 3255 99
755 919 2120 89
766 1319 3121 99
484 195 1164 99
518 1870 2793 76
459 1594 3763 63
798 243 1781 51
127 435 689 34
370 191 723 60
594 161 1499 10
