400
555 2148 3864 13
28 612 1151 63
1549 792 3223 52
198 1509 3049 24
1429 2213 5273 57
1986 1142 4287 74
582 354 1653 98
1619 61 1736 38
634 3079 4685 87
1708 3351 5623 76
712 1047 3092 47
972 485 2458 21
1514 2834 6831 40
838 2348 3652 76
335 2896 5651 55
1867 3062 7736 39
1923 22 2989 37
1042 3372 7290 30
1560 1773 5972 97
1716 3517 7086 34
1132 2070 5218 89
1844 2555 6697 32
417 3584 4121 67
1780 1937 4160 27
1323 1604 4427 5
1543 3723 9980 22
1754 660 3148 29
182 1763 3296 87
1178 2280 6229 10
647 1479 3149 4
419 855 1573 35
715 2394 4449 92
34 1219 2243 77
795 1492 3798 42
1006 3918 6290 58
685 1994 4573 47
822 983 2983 61
908 750 2626 60
1227 414 3075 33
473 3146 7105 36
1930 612 2863 87
1503 3278 6608 37
1696 1504 6236 22
1295 1290 3525 46
598 1132 2868 3
843 2243 3660 29
1155 1487 5190 73
484 3130 5185 34
1584 2160 4011 48
1468 1079 2574 39
1578 1772 4557 8
1681 3830 6278 8
1096 1710 4882 58
1206 2819 6435 75
282 3368 5858 62
1629 2482 5190 74
1070 18 1285 20
1532 1102 4406 27
800 2586 5227 85
1110 3194 6533 32
693 1138 3257 2
1087 2086 3272 35
1708 3979 10446 53
67 1415 2022 48
1327 3036 4494 3
7 3044 4292 14
1132 2611 5362 27
1547 1930 5382 16
288 1510 3102 25
492 2430 4048 9
984 639 1930 55
540 258 1578 79
141 857 1291 76
890 2260 4457 22
1190 3441 7337 19
1516 2207 3974 43
130 1697 3050 46
1721 433 2392 74
323 1703 3481 15
1345 564 2207 44
663 1941 2869 18
1665 1541 3814 1
1711 3486 7543 25
79 2699 4018 66
1679 2510 5945 98
13 2164 2405 8
966 700 2586 8
1603 3068 4704 97
123 2250 3171 48
1414 309 2887 4
762 1339 3251 69
592 1653 2956 7
261 3125 3932 28
569 2751 6631 65
1909 1010 4290 37
391 3865 4915 71
540 514 1963 45
645 3806 6420 34
99 3194 4995 36
360 3817 8301 12
1464 2053 4277 16
595 2936 6374 98
1187 1223 4772 78
134 1228 1371 66
195 1285 2808 14
445 867 2395 90
1257 750 2089 41
1323 2218 6118 30
522 3705 7979 3
1586 1802 5738 3
756 3939 6632 47
1858 3425 8565 15
446 1667 2306 89
726 2617 4425 74
416 2433 3701 37
802 546 2447 69
1101 2337 6745 15
730 2875 5412 6
1718 2831 6869 29
1508 3886 7766 33
1494 1556 4900 29
1975 3047 5657 84
922 2232 3311 66
649 1072 2548 5
164 2405 4333 32
859 2230 4780 84
727 44 1370 72
1542 2006 6731 60
1075 3270 6747 1
406 2267 4175 23
1619 2346 4054 79
49 1870 2299 55
1828 3540 8126 60
1792 3413 8992 44
713 109 975 40
1918 3678 9941 84
60 2359 4013 17
1384 2958 4392 17
1377 156 1557 44
518 3657 6505 12
708 2303 5547 95
897 2208 5311 10
748 2431 6143 26
81 685 847 37
1771 2799 7128 25
846 1497 3185 16
749 3873 8742 37
1949 912 5334 77
1173 2468 6500 43
1392 3204 7615 86
1152 945 2325 25
1504 2837 6148 84
326 781 2075 58
30 3246 3286 97
1066 1355 4437 71
78 2264 3521 97
641 126 1513 55
1268 927 3867 100
165 3145 4867 11
1187 2103 4375 24
1762 281 2912 28
1034 2386 4974 98
1643 2655 8425 10
892 83 1620 71
1919 2259 5972 41
1773 1039 4594 34
1776 1316 5898 59
1750 2535 6043 81
1071 1652 3688 9
482 3954 6829 81
1339 945 2560 3
1708 45 3003 33
1111 3444 6612 39
426 3767 4953 49
706 2298 4986 17
1347 2761 5853 77
1074 2914 7840 46
937 2094 5526 47
812 95 1367 65
1526 347 2037 91
568 2397 2970 94
1518 747 3751 61
1995 2743 6832 85
707 862 1951 32
1133 1673 3693 35
124 1999 3242 60
1749 1661 4709 43
1034 3801 6200 17
1922 3715 10864 48
1919 2345 7216 87
1978 2691 5082 49
258 1331 2960 38
1442 3910 10658 93
1602 3089 7790 18
622 1457 3563 87
649 2591 5297 8
726 3208 7810 56
644 987 2858 98
1250 3423 6291 38
982 1497 3567 7
1115 459 2026 56
1460 1876 6670 15
1893 2744 8649 82
425 3837 7560 61
1433 3795 9469 50
1690 72 2268 42
623 1782 3511 52
1659 852 4167 82
388 2615 3623 45
396 1633 3729 70
1849 819 4869 78
756 2057 4181 21
120 3372 6177 27
1139 3289 6875 44
1104 3796 6560 52
220 253 677 88
807 1987 5555 71
307 1669 3148 46
1669 3817 10673 31
1924 1346 3389 44
1449 2092 6858 60
445 560 1115 80
884 3482 4474 26
516 730 2355 90
1600 1453 4123 41
1992 2038 5500 24
682 2385 4393 70
1575 1613 5351 60
1417 3814 7903 55
1591 2786 6735 89
547 1450 2829 82
141 1852 2149 17
1246 3409 8144 5
1841 1640 4588 93
1290 3326 8153 99
654 1787 4790 61
1189 1330 3256 2
1576 748 4448 77
1921 2476 6234 91
94 2166 2363 7
1144 1249 4471 57
313 1199 1622 4
1906 1300 5072 70
283 2204 3833 7
1676 659 3598 19
1456 3922 9281 13
149 2557 4807 31
531 2980 6832 21
1128 3714 5095 12
954 3000 6513 91
1764 340 2573 25
492 133 1200 55
1059 334 2208 85
12 458 938 27
1552 1441 5911 22
72 1420 2873 5
1937 2002 7229 59
507 3878 5916 43
353 2447 3352 86
1461 1953 3685 37
249 3489 4501 42
1437 2175 4529 30
665 2563 3837 5
1221 1995 6367 53
433 605 2066 95
1163 2913 5644 35
1708 3795 9417 56
164 1515 2279 80
1091 198 1975 16
1755 399 2308 69
650 2302 5114 58
1621 3228 8313 41
403 2204 3709 41
1841 1556 5802 50
193 3239 5526 9
112 3941 4436 94
1022 1896 5198 11
1804 3844 7712 24
279 3862 7243 53
10 818 935 60
1674 3400 9341 23
254 1147 1820 33
1467 1680 3749 61
1356 498 2708 76
18 3284 3945 92
644 2344 3089 85
1340 646 3537 8
1159 3006 4239 66
273 2019 2661 95
44 2781 4745 45
1237 3190 7540 57
1981 839 3718 10
1981 1778 7471 89
103 2081 3967 49
928 63 1447 71
648 3129 4220 54
1016 765 2683 45
722 3069 6027 67
988 559 1550 80
148 3812 6458 98
1312 3143 7871 41
1327 1829 3195 11
548 1635 3160 7
814 1805 4738 25
1729 1251 5388 63
389 1621 2336 16
763 3954 5162 32
1842 482 3015 79
936 960 2457 26
1869 629 4822 35
961 3319 5424 84
760 3751 7463 93
1131 3959 9546 69
908 1555 3751 78
465 3433 7392 94
1450 593 3127 98
619 3782 8537 56
398 113 866 96
1141 3012 6779 23
56 1829 3268 82
391 11 669 73
780 1139 2160 61
683 3750 8307 40
1188 2582 6296 67
73 24 116 48
1556 91 2385 84
1478 1979 6341 59
1543 3235 8317 6
48 2152 2258 9
551 2134 3521 72
259 1472 1771 63
1948 3307 9155 87
817 1997 4331 53
1615 3337 7501 31
525 1189 1878 47
300 2196 4407 78
857 3425 5464 83
674 2544 4180 19
1092 1695 2848 65
953 1739 4020 46
1227 1720 5812 3
1919 3279 8553 61
1891 2521 6544 8
511 3484 4488 26
1818 1879 4377 4
1188 2037 3554 89
930 214 1508 52
1364 958 2398 5
1812 2426 7181 12
344 674 1707 69
1422 249 2756 83
25 3644 7107 29
672 3797 6898 88
1601 2253 5677 87
1649 180 3543 10
1144 172 1507 9
920 1379 2731 86
1656 613 2786 16
936 3253 5867 36
1110 390 2254 50
1476 2274 6441 81
313 1936 3249 19
471 759 2102 38
437 3920 4570 27
1866 866 4045 35
583 969 3064 35
1359 709 3231 14
485 273 788 48
814 2100 5204 85
719 1804 2760 47
1852 912 3947 64
488 2925 5107 95
916 3650 6517 19
1438 1160 4206 72
308 2955 6155 64
1156 2114 4483 57
22 2651 3289 31
482 1771 3019 84
490 1685 3321 84
335 2188 3147 65
941 982 3404 32
759 2674 4363 92
748 1964 5330 31
1908 254 2280 65
1842 2009 6614 25
1109 3800 7106 93
1938 2382 5906 77
753 2019 3179 50
905 1064 2714 11
873 78 1623 60
1331 19 2486 31
547 127 1309 68
937 1302 4116 79
208 3895 6258 65
543 157 1370 59
1086 3166 5902 4
1193 2097 3378 33
135 1751 3386 9
1661 1070 4197 30
441 1671 2583 72
