150
412 706 1765 20
231 924 1686 89
449 606 1950 79
238 717 1123 25
81 673 1130 37
450 1201 2001 81
726 832 3068 49
263 1440 2371 83
17 431 866 86
90 1145 1337 39
334 85 449 1
460 642 1376 32
109 723 1381 58
397 433 1216 7
249 579 1639 48
568 1171 2946 90
375 1022 1611 51
723 961 2783 19
371 557 1676 73
34 398 857 48
270 353 715 6
574 131 718 72
50 410 560 39
81 1088 1285 22
275 1001 1616 19
616 690 2603 32
6 76 91 42
495 1388 2949 26
468 121 697 20
31 1297 1516 91
149 1305 2014 45
607 12 622 67
210 785 1208 71
48 205 261 39
316 687 1101 50
95 590 1213 45
506 1412 3048 88
306 250 982 34
587 461 2051 14
139 357 755 27
211 560 956 91
122 483 1142 95
130 860 1884 48
535 1069 2632 17
418 762 1885 23
67 112 185 98
315 557 1522 94
130 231 377 70
677 1251 3291 40
662 431 1969 73
479 801 1903 28
100 704 1366 11
125 486 754 65
247 130 601 94
25 375 557 8
127 1105 1952 49
405 1489 2050 81
312 642 1522 77
183 1499 2589 45
387 886 1733 92
18 957 1568 82
296 1107 2418 76
486 796 2361 6
102 524 666 24
613 1350 3177 30
373 1009 2147 22
322 1329 1749 74
119 567 840 72
102 785 1585 40
596 156 1481 15
736 738 2282 96
571 1327 3262 53
144 447 701 59
242 397 1204 86
79 874 1845 26
715 1207 2718 12
543 639 2220 64
676 1260 3122 87
234 1371 2847 62
664 724 2169 34
661 405 1797 11
301 309 767 58
514 199 1355 30
627 641 1774 26
22 1010 1102 30
43 1181 1971 60
140 1144 1681 75
138 1392 1902 30
596 996 2742 35
635 578 1312 100
634 351 1413 6
345 678 1748 25
409 86 967 16
263 117 434 26
341 916 2370 41
687 799 1540 51
670 164 1204 95
648 287 1755 98
49 950 1408 21
686 1470 3376 43
150 37 281 61
120 1479 1923 97
443 1466 2114 47
14 240 344 8
300 509 1315 27
466 810 1440 76
505 438 1807 83
417 174 597 41
340 229 576 41
377 30 583 47
336 267 909 66
488 313 843 12
728 43 860 47
189 1450 2009 65
496 665 1726 95
2 1265 1531 92
715 1426 4050 19
106 1429 1916 66
210 112 394 96
507 663 1466 68
353 668 1609 16
636 95 852 44
246 84 465 78
479 1386 3169 58
329 1056 2722 49
13 406 506 85
324 225 818 39
684 316 1280 26
484 1260 2424 47
691 1470 2458 90
227 1095 2086 92
729 461 1514 72
166 1019 1865 96
296 305 769 58
348 1005 2080 40
220 713 1834 8
655 273 1448 61
213 1452 2512 22
322 687 1246 22
515 22 857 13
500 357 1176 54
302 965 2454 64
439 127 945 79
700 280 1270 58
684 201 1319 39
626 62 831 93
385 333 908 66
290 675 1783 77
473 892 2679 43
180 670 876 86
