450
2118 1714 6199 99
2106 1336 4846 51
532 234 1220 32
1046 38 2033 38
1257 4353 7652 88
1651 4442 6484 65
2092 102 3371 64
1572 269 3110 82
1712 2162 6659 20
169 3463 4808 2
444 2507 3437 28
2090 1799 6610 64
1475 4215 10966 2
323 4035 7887 9
688 3240 5944 97
230 469 1174 47
1162 2160 6551 95
515 1712 4036 64
1471 684 4042 75
735 2849 4277 7
1038 2772 6339 71
709 1154 3405 54
235 4258 8216 59
2183 1378 4182 54
696 15 1161 12
1548 2635 7836 84
1896 1213 5685 6
1577 3343 8517 55
1296 1692 5580 35
2195 3050 10364 28
2186 551 3567 77
956 2395 5476 79
2185 2272 7022 78
513 801 2318 40
768 186 1594 13
1588 3710 10133 16
63 2655 3384 33
1702 231 3143 59
1958 4075 7226 10
698 1318 3865 95
2034 4312 10659 83
544 73 934 83
1956 3886 10071 9
1843 3077 7758 49
273 3642 5926 92
13 3950 5506 73
1350 382 1742 42
2 3752 3824 84
314 2988 6394 62
1177 1701 4978 70
872 451 2307 26
440 2460 4944 23
1970 3843 9144 4
1555 1441 4095 86
1568 1788 6502 11
364 1052 2420 19
562 2316 3269 47
101 1946 3919 64
346 3378 3810 7
1156 4300 6999 24
913 2779 3847 47
596 2692 6420 69
528 2588 4276 66
681 3716 8365 80
725 788 1865 6
892 2199 4656 62
781 4348 5223 84
216 3963 7275 11
1406 3652 6833 47
1654 1748 3878 44
515 3247 4502 92
553 329 1612 100
724 3309 6997 26
216 1530 1893 90
1001 2202 4708 19
1864 3850 6997 13
994 279 1522 30
131 2231 3167 44
2163 320 3822 31
720 3155 5362 37
1272 4190 7913 50
1920 3955 9211 27
1851 3778 9248 98
1228 2611 7405 11
1710 988 4400 54
1074 1087 3480 42
376 4114 8884 93
795 69 1380 6
189 1317 1708 36
14 3016 3998 26
1034 2505 6884 63
1891 2434 7317 20
1366 1955 4445 50
18 1797 3054 91
577 3961 7900 71
1118 3439 8179 35
1744 1156 4650 76
7 4090 7420 6
2248 3113 5594 73
1749 848 4415 37
1242 2046 5217 50
702 3604 4338 57
910 1237 3271 79
1274 3424 9239 3
1910 3659 6413 91
1102 1276 2526 95
790 1837 3669 15
1639 3813 10851 83
369 3467 4839 61
1382 496 1940 63
1029 4324 6346 81
1686 1404 5446 25
1596 143 2049 50
1471 1971 6865 80
374 2629 3654 78
2223 4405 11677 85
2078 112 3423 67
1930 1848 4969 23
1502 2137 5384 46
243 659 1677 75
1568 4344 8682 14
1302 284 2299 89
1595 2917 6916 55
1034 1142 3817 34
2044 2856 4983 43
997 180 1233 63
1091 3914 6148 31
967 4090 10030 29
377 2582 4096 8
736 3024 6081 70
1770 4 3081 86
760 4163 8528 81
1819 3848 6071 22
1745 3710 10214 4
935 905 2186 24
193 3289 4437 21
465 1121 3033 48
556 3907 8177 25
2140 2452 4773 49
806 1762 3020 32
2116 1470 3755 46
1286 1674 5193 53
1886 37 3673 15
2244 448 4182 7
55 1090 1184 93
580 2935 6145 86
34 149 312 10
1203 2957 8112 56
1784 388 3356 83
617 432 1155 61
1058 682 2599 7
2153 1482 4898 70
2224 1248 3926 21
2081 995 3184 43
922 2106 4611 39
1687 1575 4618 52
2059 3727 10983 59
203 821 1791 83
1152 2309 6502 55
922 3298 8168 80
1088 3062 7583 63
1947 2071 5397 53
1297 1818 3507 62
489 4403 8236 96
2172 2853 9696 39
303 3678 7470 42
224 2001 3348 81
1293 16 1636 44
1112 2264 5265 52
261 543 1508 15
1103 2457 6919 84
1854 3673 7141 65
2183 1145 3542 67
330 3538 4743 88
1515 1330 3951 14
103 2509 4077 80
464 1484 2795 33
1599 657 3733 89
1805 2013 7367 16
1095 2265 6349 30
2136 1970 6063 53
1736 1412 3744 78
2013 2568 8831 90
661 2978 6991 39
808 1260 3767 81
860 2647 5385 91
1594 665 2287 81
1465 3467 6442 20
1521 1558 3718 31
1456 2332 4390 2
1371 4312 5745 66
1567 4185 8727 51
1093 1220 3403 49
1181 3117 7552 99
1072 1403 4889 15
1756 582 4640 44
2079 4081 9070 50
1117 272 2316 83
336 1753 3336 44
368 4142 8091 61
82 4167 4755 23
1539 888 4122 41
1747 1449 6377 69
2224 3430 9287 59
165 1874 3949 84
1357 1317 3045 42
764 2439 5218 36
2170 3644 6960 89
860 4222 6920 40
362 2061 4509 9
1401 1204 3886 30
615 1233 1986 16
1830 1281 3364 96
1129 3415 7661 50
1521 1381 3239 92
2231 2260 8879 23
1991 1613 5969 38
1066 868 3175 83
653 1999 4104 1
720 3448 7470 34
411 2390 3195 51
1347 3130 4856 18
1175 1832 5569 82
903 855 2939 73
1018 212 2209 68
881 381 2055 83
297 775 1166 88
1863 3732 10492 7
116 59 255 12
512 2651 5682 65
1610 3631 6020 62
134 553 1219 22
129 3689 7260 100
2048 2513 8820 55
174 2061 3073 72
2188 2088 7248 23
81 1678 3083 38
2056 1989 4691 40
1338 1197 3223 53
491 3735 7158 60
875 3582 8452 38
1245 3693 7222 93
1845 2455 6582 43
1726 4315 11688 63
2150 3387 5648 89
2246 4255 12478 92
1005 3898 9166 100
632 3853 8139 35
1412 821 3670 53
981 3207 5755 30
1719 1061 3169 23
1060 1296 3228 32
625 4314 5629 25
257 1079 1426 79
612 1789 2515 5
1608 366 2539 87
1530 435 3081 25
406 2625 5717 29
1412 3076 4787 82
1981 699 2931 87
922 3271 4497 31
1305 2689 4956 58
683 76 1038 1
2070 1574 3891 34
1515 3994 7501 66
605 1087 2493 97
1707 3031 6525 44
1899 2145 6451 47
1049 2662 4932 7
1752 933 4759 85
584 576 2042 67
433 1486 2637 63
1712 1592 4531 38
2222 3138 10523 74
462 3421 5520 52
21 669 1376 68
762 2401 5322 59
1544 1036 3421 19
1679 389 3504 27
1262 1423 4522 30
253 2700 4090 71
2142 4159 6583 47
914 1939 3657 97
1689 3228 9087 6
801 2208 3774 68
92 4218 8367 14
1365 412 2106 63
1171 1392 2811 17
2145 4442 8633 94
547 3609 5745 89
1539 2570 7118 18
315 4389 9131 12
846 3823 6404 89
558 2993 5114 47
1002 1313 3656 5
74 857 1594 59
2224 3386 5674 29
492 1313 2678 90
303 3435 3881 77
863 3630 5128 48
7 1883 3338 54
1226 87 2496 95
1992 1250 5638 98
676 3836 7037 45
93 3846 4746 87
1297 1928 3798 30
1681 3860 5814 58
329 1813 4234 70
327 2865 5009 41
60 2203 2792 84
1908 1682 6970 87
542 630 1747 91
2047 932 3680 43
86 4228 5252 33
62 4332 4732 81
427 756 1217 16
1639 2852 4862 47
651 3209 4157 83
1601 1454 5858 50
747 2603 6230 25
1005 2692 5155 96
1644 3713 6295 67
560 1220 2658 18
2007 316 3743 75
41 556 797 70
1288 2921 5502 70
946 437 2630 74
2098 1099 3777 31
1825 4415 10199 39
444 519 1716 34
1456 440 2660 33
649 3063 7179 70
1712 2455 5522 35
93 2677 5501 48
1353 1244 4148 19
2228 342 3734 2
267 67 412 95
2082 2946 7659 13
628 2352 4424 26
1051 1144 2295 84
882 2207 4951 60
1496 47 2736 12
1210 2853 4878 67
424 432 955 91
2250 1256 4382 6
1022 1289 2425 34
61 2857 3549 53
1062 2175 5298 98
2195 1997 7395 85
1058 797 2935 46
643 115 967 77
1609 983 2607 36
807 1555 3925 46
347 1378 2982 64
1198 4299 10771 27
1999 2166 4930 95
465 1177 2937 81
1309 1983 4753 80
1267 2984 6387 16
76 2621 4515 31
1921 1098 4828 27
1358 2413 4042 78
256 2296 2880 65
276 1490 3032 69
1552 2686 6654 57
2052 2522 9006 10
1105 669 3100 1
753 1677 3201 40
1474 943 3928 95
867 1634 4738 39
761 2134 4602 54
770 910 1935 75
1420 79 2225 74
2179 1560 6910 40
1369 967 2440 24
1284 2465 6772 1
436 3375 4156 68
1673 3984 9873 53
2088 2738 5101 75
1212 612 2978 97
58 3721 5271 86
103 383 489 48
1444 2529 4514 11
1498 1238 3881 91
1751 2805 9095 67
1676 2362 5836 81
841 2073 5601 11
727 1264 2181 64
1656 3652 7563 58
1399 1230 3288 98
1113 2642 7027 72
791 281 1429 79
2100 2142 4270 4
1740 2910 5042 26
2026 4424 9386 40
1831 227 2121 2
1392 4386 7470 6
1797 3422 6096 12
106 2273 3405 48
824 3863 8068 79
362 871 2251 71
2071 1902 7478 38
1034 1857 4443 50
973 3263 5539 96
2156 2710 5750 15
278 3342 5361 76
201 288 682 23
2020 1723 3772 62
1744 2838 5402 40
1932 1917 4410 11
2094 1581 4339 80
2194 3342 9162 87
1448 3115 6779 79
964 3782 4847 95
1312 277 1818 28
1094 4214 6346 63
995 3800 6761 83
384 3644 5262 67
1074 2883 6374 76
250 2874 4408 5
1445 159 2587 14
518 3245 5080 84
954 1835 3396 75
1057 3819 7102 13
740 1232 3046 91
419 2088 3367 64
2019 3590 6799 72
1810 4261 9406 93
1967 2985 9208 13
2243 97 3393 62
903 1671 4405 72
1909 2395 7767 14
2028 7 2061 53
2072 2738 5316 26
1204 4450 10370 86
1724 1652 3453 44
777 1646 2596 29
1064 2132 4120 17
1917 2905 4943 21
242 606 1435 73
1345 13 1761 67
2112 3311 8562 37
887 1144 2805 64
168 2463 3243 68
791 1126 3526 26
89 643 1376 76
844 2643 4357 65
1307 274 1688 99
989 1075 3443 59
872 653 2017 29
