250
448 578 1497 65
680 271 1456 100
726 1254 3884 11
912 977 2835 84
204 219 474 51
177 1435 1850 95
1188 2305 3847 41
358 1991 3236 41
214 1965 3004 54
580 1729 2999 1
1245 1631 4754 66
1054 873 1989 56
1190 579 3317 5
225 363 748 34
416 1834 2445 73
140 946 2027 47
1214 2147 3417 52
627 821 1628 50
1238 301 2249 52
135 540 851 85
943 1685 3384 99
330 918 1712 92
13 1401 2440 68
236 1811 2250 78
139 874 1838 5
1059 676 3160 1
919 847 3012 100
73 804 1607 39
959 1798 5249 30
752 305 1367 30
394 1498 3462 2
108 565 888 39
726 432 1512 15
198 570 1252 84
138 2190 2731 3
344 2461 5541 13
491 1602 2846 40
381 1212 1787 2
965 1627 5079 86
146 1119 1647 6
1105 446 2189 67
245 2005 3695 40
1236 38 2521 46
727 732 2495 32
471 1661 4081 60
906 1308 3959 62
503 422 1663 69
1021 2163 5895 56
707 2452 5769 93
856 863 1748 54
143 453 1076 10
779 723 1569 59
1069 773 2495 24
953 2007 3157 29
461 1329 2430 12
482 505 1856 88
1127 2421 4765 57
475 2186 3695 76
1076 809 2950 55
709 388 1472 28
657 307 1873 92
229 391 716 24
1074 1015 2440 43
1024 2472 6899 11
78 1346 1955 52
884 1353 3454 32
461 2335 3077 52
1069 756 2005 93
541 2490 3740 92
1221 2055 5680 49
730 2176 4758 72
436 1220 2957 5
401 1479 2253 69
248 320 795 35
1042 1857 5652 99
93 2151 3359 63
747 962 2710 23
93 1646 1878 16
1178 2062 4845 99
928 1877 4235 62
863 2214 3130 53
918 1026 2816 77
1124 1018 4167 66
1187 2143 4105 5
307 1522 2773 31
1104 1766 4567 68
649 1964 5222 8
565 780 1755 5
493 904 2244 15
266 500 983 96
1207 996 2730 59
1232 23 2102 42
394 1267 2520 92
194 1899 2759 44
581 1502 2704 55
9 46 78 53
765 816 2428 4
1135 284 1812 74
1235 870 2956 34
115 598 1155 62
481 980 1461 23
131 2392 5040 75
630 1046 2312 39
227 1290 2184 53
666 1191 3660 82
28 688 1219 19
426 652 1134 23
167 1325 2572 11
949 2146 4392 31
942 2454 4189 49
789 2149 4590 99
859 2360 3268 21
446 1928 2430 50
54 1632 1715 73
981 2101 3305 23
921 1930 4744 71
332 680 1497 23
262 2431 4191 50
1201 111 2138 76
1130 2256 6147 52
1054 363 2091 48
406 1204 1827 28
285 784 1407 20
989 1682 4232 59
194 346 832 17
934 478 1418 96
1043 210 1817 41
1019 422 2785 11
705 1958 2998 96
440 1139 1873 92
1007 1917 5221 62
457 1753 4077 65
772 1907 3559 90
883 41 1246 92
817 70 1019 73
127 1436 2158 17
627 1621 2674 7
329 554 983 96
819 1964 4151 8
112 1020 1705 76
455 603 1113 90
1144 2218 5302 44
120 1767 3041 51
258 951 2399 50
183 771 1140 95
465 1061 2542 6
271 1746 3322 4
1043 838 3699 62
379 2344 4106 74
497 1307 3444 19
289 1534 3423 100
324 1213 1748 42
559 838 2010 77
545 2314 3209 60
1019 1973 4088 58
415 1475 2206 35
1114 2130 3448 57
391 231 1083 69
578 1545 3630 39
765 2446 3858 46
327 657 1838 39
49 296 553 91
416 616 1633 10
289 1103 2450 39
1014 1661 4689 62
28 379 438 78
895 176 1605 92
616 1469 2107 79
614 555 1433 2
589 2304 4782 47
849 48 1427 46
796 210 1490 50
913 439 1605 27
840 754 2253 75
214 204 462 50
854 1040 3667 19
798 1192 2202 36
544 2180 3037 41
83 186 322 66
267 482 1396 60
827 661 2008 19
340 1815 2977 94
1117 824 2095 73
70 11 150 67
436 2104 3587 76
739 1946 3824 58
88 2088 3099 46
755 1057 3343 50
161 1471 2390 69
755 2493 4068 28
383 2471 5445 58
959 30 1576 94
261 1146 1626 41
337 1298 2006 29
1015 1628 3234 24
1072 1694 4420 46
263 2409 2767 32
317 1234 1626 11
832 1498 3955 55
443 2371 3999 12
1062 1937 3713 5
862 1416 3009 88
494 2425 4409 60
1122 1273 4683 71
788 276 1190 92
22 144 250 44
668 894 2682 77
239 964 1463 89
1033 1510 3172 8
1036 1141 2190 5
981 1720 4551 79
262 54 618 46
829 415 2427 45
424 1454 2363 1
396 2222 3424 21
1033 2142 3556 55
1215 701 3617 5
1048 2323 5692 81
545 1921 2751 94
922 2088 5146 58
597 1790 4039 86
902 1451 4414 81
370 396 1481 98
733 2393 3468 45
739 2397 4540 25
1243 2088 3562 90
64 387 796 59
586 1281 1994 52
897 404 1539 30
201 1176 1655 5
948 51 1207 7
1130 750 2066 64
826 825 1894 15
121 386 717 67
541 2489 4385 85
746 2047 3132 37
1016 1011 2717 35
778 1851 3292 84
142 584 1205 45
455 34 516 49
405 2269 5340 88
202 634 1187 60
498 857 2294 62
120 237 572 19
363 461 1003 54
374 1904 3906 18
432 264 1050 53
861 1889 4901 58
509 688 1776 79
1198 850 3076 73
