300
1198 102 1953 64
377 2634 4714 1
226 53 515 38
539 376 963 57
1461 1084 4219 11
565 1140 2937 33
1066 2581 7009 8
945 742 1844 68
204 264 634 15
753 2212 4315 40
878 2943 6240 24
1025 2582 3736 34
343 1666 2081 84
1346 2557 5490 80
706 361 1306 85
1421 1776 4133 23
351 725 1087 10
1200 490 2603 56
1282 1248 3893 92
1164 2580 5351 71
1248 1524 4637 85
1015 2652 6821 10
1063 2810 6463 60
1433 2469 7123 91
157 1679 3308 48
729 1741 3707 36
629 1464 2417 79
428 429 1643 84
1206 2420 4498 92
156 2720 5334 69
1281 1426 4509 99
192 1996 2284 45
408 2691 5357 43
975 1276 3213 33
391 2523 2964 6
1177 340 1715 91
862 426 1816 24
186 925 2162 27
799 695 2295 46
174 594 1072 23
968 2519 5807 45
1221 2827 8074 13
219 238 804 20
847 2150 4864 48
175 1281 1749 90
113 2287 4643 30
1284 2776 7530 21
875 862 1768 36
483 2066 4228 43
1335 805 2850 72
1379 1867 6248 92
1229 1096 2466 72
1067 2496 5847 59
353 2144 3256 3
1197 2751 7798 58
1240 1144 2684 22
124 2545 3795 81
993 912 2138 31
1029 891 2477 24
1162 2829 6148 59
725 1445 3803 16
514 2534 5907 14
647 1213 2546 41
636 459 1987 53
747 2928 5329 68
635 1222 3630 12
641 2184 4433 34
522 2658 4408 18
1432 57 2152 42
502 2761 5899 32
1262 762 3906 77
463 1209 1862 3
114 1494 1994 94
654 1121 2946 47
731 1679 3679 99
516 33 881 23
652 1098 3374 55
421 184 929 64
1131 2894 7774 51
1370 2647 7939 27
368 206 937 98
1362 1614 5249 52
828 1036 2526 29
1162 246 2350 15
1486 2701 7620 79
369 1618 2715 26
1483 2544 6239 99
1019 1873 4034 84
220 648 1553 23
413 2521 4829 97
1158 1437 3947 1
1471 676 3307 29
415 2490 4823 14
1037 573 2895 71
1091 332 2019 67
1135 214 1762 74
599 1709 4192 84
742 1542 4175 69
1344 671 2997 10
16 2631 3083 13
1152 70 1803 67
374 1068 1687 58
427 858 1944 54
216 2064 2644 76
749 2488 5501 10
1368 774 3353 87
1216 2137 4344 8
719 665 2219 32
95 442 903 24
59 685 1149 96
606 776 1592 46
1065 151 2147 84
782 2892 4270 46
667 2604 5813 15
1113 1095 3983 10
1121 480 2771 12
667 704 2707 35
1159 398 2074 96
708 2499 3890 84
464 1010 2309 7
605 2307 4846 51
1363 1890 4025 14
1132 2611 4939 20
373 608 1958 22
1462 540 3808 26
299 1375 2027 80
480 2607 4385 33
1341 2995 8639 87
346 2977 3871 9
331 2791 4384 31
1056 2040 4722 21
1026 2979 7061 94
1003 2243 4525 91
216 2678 3117 5
982 1427 3807 7
522 2181 4035 57
732 2185 4100 86
1284 1501 3080 35
572 2582 4072 47
938 2679 5171 37
848 196 1471 57
595 681 2071 58
914 500 1516 8
80 574 1287 88
823 568 1782 65
437 86 675 6
1023 2572 5590 14
1442 1444 2938 13
550 363 1522 71
1311 2603 5932 90
697 2511 5828 27
1393 2297 6275 93
341 1185 2288 92
107 356 862 22
770 310 1935 13
172 712 1618 81
312 1412 1933 96
202 1156 2309 25
45 2105 2176 26
479 419 1498 5
1098 1072 3639 58
1274 1138 2859 78
581 2164 5212 91
1056 79 1189 75
1158 26 2062 42
833 2745 6948 38
685 1324 3041 84
572 2872 5256 26
728 2781 3774 83
358 435 1552 24
1116 1651 5263 25
1105 2750 7296 53
973 1653 4028 85
109 2710 4640 70
214 637 1646 83
1089 274 2055 97
895 2465 6097 85
1062 1473 2881 8
770 1947 4132 1
985 1990 5171 9
488 2802 3419 53
252 558 1614 90
1056 1580 3697 87
1397 342 2689 73
46 483 677 72
346 2919 5134 63
519 1960 3614 99
750 2002 3560 70
1419 993 4784 74
834 542 2731 28
1247 2134 4557 89
880 2228 5428 18
465 1676 2998 52
737 2594 6048 80
372 2195 4753 59
1376 337 2275 42
429 1111 1876 29
69 1574 2084 64
785 917 1960 24
1214 110 2208 73
404 549 1670 81
601 775 1537 54
756 2210 3404 84
1432 239 3310 83
367 1228 2940 96
1181 535 2665 92
1439 1243 5143 59
346 190 767 44
453 2603 5936 82
477 562 2011 75
1202 2428 6690 91
422 387 939 85
1096 2306 6581 77
797 247 1818 42
667 2150 4979 38
588 1255 3090 81
1219 2421 7223 46
220 2720 4250 14
414 2315 4644 29
1339 2331 6448 50
875 845 3349 29
581 1798 3712 36
612 379 1544 31
429 612 1082 67
450 2105 3073 80
219 974 1954 78
34 2766 3654 27
141 39 340 85
714 543 1986 81
393 763 1911 79
577 2532 4990 75
1161 2853 4692 65
426 2118 2617 72
61 1118 1260 85
11 1203 2115 99
148 248 745 45
779 2255 5758 59
417 2385 3368 50
41 1106 1971 20
188 205 637 26
42 823 1279 13
331 1587 3638 72
629 910 2046 14
1395 1702 3149 57
234 486 1124 46
478 1435 2365 13
592 2310 4121 7
1128 2611 4458 22
336 1095 1964 28
999 90 1739 18
4 2274 3638 89
1003 497 2577 65
1154 2806 4979 20
1455 246 2073 36
447 1139 1756 97
1279 1955 4449 52
591 330 1066 8
598 2849 5254 41
985 1933 3144 41
89 679 943 69
233 931 1645 20
115 1144 2033 91
257 1118 2612 67
911 2337 5550 58
1114 144 2516 82
330 428 1307 96
46 1578 3181 36
483 1255 2828 73
385 2972 6395 54
874 63 1578 64
1086 187 1286 25
1216 2515 4918 55
1001 2166 6065 43
376 1247 3168 95
1033 445 2334 15
1366 752 3223 92
947 1361 3059 82
587 2703 4739 54
330 2915 5595 47
412 168 1109 2
636 397 1505 94
60 793 1211 24
589 2409 3111 25
404 838 1638 73
869 1773 3103 19
317 215 635 100
675 916 3116 19
109 1724 2049 49
535 2560 6159 90
948 1245 3908 81
1023 1821 3266 35
1111 50 1831 9
1063 2732 4966 20
338 1734 3657 62
284 199 827 2
1428 725 3361 83
1162 268 1623 31
485 2868 3354 80
964 1613 3709 49
1414 1486 3525 44
