50
172 25 321 100
182 398 1156 54
84 207 396 90
163 135 343 84
55 201 264 88
189 454 849 89
148 306 461 85
164 17 330 95
154 365 966 88
69 238 520 30
238 100 653 28
71 85 274 35
24 45 88 69
97 205 323 65
11 284 573 92
71 151 439 100
121 144 482 10
151 457 1115 13
157 137 406 38
155 378 877 46
34 126 253 12
43 83 231 64
121 301 604 59
28 125 160 76
198 358 971 60
35 2 63 28
35 251 542 9
134 249 661 37
163 457 758 3
236 216 715 20
94 230 621 11
236 39 396 56
249 427 849 87
85 361 545 37
88 178 420 5
159 158 594 38
14 259 351 46
119 4 135 100
7 375 599 79
95 65 225 16
37 256 302 56
40 174 342 94
41 327 627 57
235 482 796 83
4 162 273 61
13 59 100 2
41 52 151 41
53 216 502 81
128 414 823 28
8 434 473 23
